100
6532.611170 282.645431
9756.191955 6587.520142
5589.625698 3401.340979
1673.212332 6278.670191
6229.365755 1098.834738
3809.305883 232.371003
3709.411832 5245.695545
5638.992500 8043.806398
8804.002087 4145.169637
5316.121124 9206.544920
8339.414274 9383.248253
6808.346187 5775.304686
8456.294573 8733.913842
2285.920844 7675.606035
8299.006134 6483.940816
5929.350399 4831.617305
6766.586246 5685.542350
1419.137442 2356.211940
9086.883333 3092.349774
8634.882136 5316.249083
4191.184511 2444.188014
5548.620087 7900.596344
7689.883559 1187.612583
5944.402738 6493.885646
5332.782220 1260.523857
5700.430561 3672.196490
643.772106 2508.776743
9447.501176 9100.066679
1242.690585 1733.422015
6775.672714 9541.696720
8217.362831 2705.023108
4373.314019 4983.949072
8390.565458 5792.451462
7340.161017 7477.448786
8884.801235 5975.043148
2793.697865 3075.985742
8419.231162 8342.317952
976.582082 6109.114716
9529.930539 6920.984819
2603.000357 4862.712754
8181.508676 8303.430922
8534.909249 8825.280787
812.207661 7982.410420
7925.347461 2054.898246
9715.832439 4701.020170
1596.594966 7933.195265
7406.043279 5969.908985
2917.144337 5796.608737
1762.360447 257.305349
3274.057518 647.161678
6232.348497 6067.755388
3723.147425 4651.579654
4410.073335 4699.729506
760.694365 3940.003870
1620.714325 3363.694727
8802.716629 9802.223002
1667.125645 7337.625873
8627.503784 2479.333306
5320.036288 6552.851245
4534.231557 5035.868722
1253.871411 6130.826523
2969.063987 8659.914694
2100.735503 5886.208325
4456.523426 3863.095950
6143.513674 7730.580944
4510.257633 2375.862166
3798.336328 8233.405057
7027.441821 8208.409668
2933.134559 7788.136186
2148.413533 4553.848884
1151.830908 951.130158
4356.071886 2818.956553
8288.756031 2983.575665
5298.289864 3608.792319
9536.426910 9832.521421
8644.661041 790.298321
5963.347939 1613.725024
9450.213015 8064.083442
7499.933349 3906.736436
1927.179392 3643.447018
1637.317376 6437.437025
6019.309185 5435.653709
4670.842078 3046.751000
3644.063372 7603.976637
834.887186 5792.476905
2157.825521 1986.718095
6743.607068 6513.897407
4805.674653 5032.363094
9497.473072 103.964512
8641.155413 9033.899982
9936.485933 7285.816454
9824.198303 5899.833867
8899.541478 9274.411313
3963.917305 6399.474827
3181.147744 5891.096697
42.921840 4818.465121
2328.533718 6062.231029
254.118824 6999.375795
9108.982030 3898.182196
4603.352432 9943.869216
