682 917
674 924
676 929
683 930
689 934
694 931
691 941
693 949
694 950
698 949
690 950
689 955
679 960
673 962
672 967
666 972
664 974
663 983
659 989
655 990
654 994
657 1002
662 1012
672 1010
683 1005
681 998
677 998
677 996
682 992
688 991
688 989
692 993
700 988
701 987
700 982
699 979
693 978
687 973
705 985
706 988
714 988
714 982
716 970
713 965
709 963
713 957
716 953
716 948
711 940
716 934
719 933
718 928
717 928
708 928
722 927
723 948
720 959
724 966
727 981
712 994
720 998
723 995
734 994
746 993
754 993
752 984
742 983
738 973
736 1001
744 1005
740 1016
743 1021
751 1019
760 1023
766 1016
767 1014
771 1017
774 1019
780 1009
787 1005
788 1010
792 1008
788 1014
793 1014
801 1014
807 1008
804 1004
800 994
803 988
798 987
795 989
792 993
783 994
781 989
776 991
775 992
771 1000
766 995
780 987
791 988
789 979
784 975
781 973
779 971
768 977
760 972
763 968
756 962
791 966
796 960
799 960
805 957
802 949
800 949
789 950
798 939
807 944
811 937
810 929
808 926
804 919
798 926
805 916
797 911
812 925
814 951
815 950
801 982
808 977
808 969
816 975
818 981
809 987
809 1003
823 999
832 999
786 1016
770 1022
737 1022
684 1005
693 1004
698 1011
707 1010
718 1013
723 1014
698 1018
699 1021
709 1023
694 1019
691 1018
691 1022
676 1016
649 997
644 995
643 988
647 986
649 983
665 960
660 961
682 949
676 931
679 939
673 940
668 944
671 922
667 926
664 930
663 930
671 917
672 910
669 903
667 902
661 901
654 907
654 914
653 915
656 923
646 925
641 930
637 938
636 926
625 926
616 930
620 937
611 944
609 952
608 955
612 955
619 958
623 950
628 949
636 953
643 956
647 946
651 941
648 959
630 959
630 961
633 967
610 960
601 943
600 943
599 950
596 959
590 964
585 955
578 959
574 966
564 970
564 977
568 976
568 980
558 987
558 991
566 993
573 1001
581 995
587 994
590 1003
598 998
602 992
600 987
609 986
611 981
613 979
623 976
621 971
632 980
617 987
622 992
626 992
627 994
630 993
628 1004
635 1005
635 1013
640 1015
643 1014
648 1023
628 1020
628 1023
625 1019
603 1005
607 1003
614 1011
615 1010
613 1012
610 1016
614 1020
607 1022
590 1014
559 998
559 1000
557 998
544 994
541 1004
545 1008
545 1018
554 1020
562 1023
569 1020
542 1022
540 1004
537 984
531 987
525 993
514 1000
516 1003
505 1003
501 1012
506 1020
490 1008
486 1016
482 1017
480 1011
471 1003
476 993
477 991
472 988
480 990
484 992
495 986
486 978
503 1001
504 1000
505 997
525 983
517 980
517 971
528 977
528 970
536 965
533 958
536 954
540 956
592 939
586 936
591 930
585 926
584 922
592 924
591 913
593 905
596 902
605 894
608 894
617 883
601 923
602 924
597 932
590 945
584 944
611 932
615 924
614 922
612 908
624 916
646 913
645 910
638 907
638 914
634 901
629 906
630 893
655 896
650 887
644 881
642 875
636 880
642 869
641 864
628 863
646 866
655 865
660 860
654 854
655 846
659 840
654 835
647 835
644 833
641 838
643 846
633 837
629 839
625 846
625 837
616 840
611 850
609 852
598 855
598 848
594 844
589 845
579 852
572 848
564 844
563 844
557 846
558 851
562 855
556 846
548 845
549 851
547 858
551 867
546 875
548 883
555 885
558 884
561 882
558 877
566 880
566 874
574 870
567 887
573 894
578 890
580 886
584 886
589 885
590 884
592 880
590 875
594 874
594 867
601 872
605 866
600 879
583 892
586 893
555 896
556 896
559 900
568 905
569 911
560 915
561 923
560 926
563 928
571 923
564 930
568 933
554 926
556 931
551 935
555 940
559 938
553 946
554 952
564 949
568 947
546 934
548 930
550 915
544 909
538 909
537 912
536 919
542 922
532 932
534 908
529 898
522 907
545 890
540 873
534 878
548 843
561 837
559 827
550 828
546 828
549 825
554 814
555 810
557 798
555 791
552 792
547 786
546 785
557 787
567 794
575 789
571 831
573 821
573 813
579 812
583 811
582 809
580 825
618 827
618 822
617 821
612 819
602 822
614 816
610 810
606 805
601 811
619 807
620 806
625 795
624 792
625 788
610 783
626 812
635 826
633 824
661 838
665 827
659 819
664 815
658 811
667 808
665 802
664 796
665 794
671 796
672 813
678 817
680 819
688 816
686 810
681 801
682 800
684 791
694 814
700 809
711 807
717 800
711 795
705 789
722 795
722 793
726 802
728 801
735 799
739 797
745 788
743 779
737 779
736 779
735 786
733 788
755 775
764 771
769 764
766 759
762 756
770 752
768 750
774 764
776 759
779 755
787 752
797 756
805 755
803 750
809 742
813 741
821 739
824 731
819 729
813 729
810 725
803 725
797 735
812 718
808 717
804 716
801 718
793 716
788 712
790 705
798 704
797 697
795 695
804 713
807 712
812 709
821 718
815 748
820 749
824 752
829 754
829 755
833 759
836 757
841 753
836 748
838 742
836 735
838 733
844 757
853 752
853 742
851 732
849 729
844 721
846 714
846 704
836 701
833 703
830 712
829 701
834 692
828 689
820 689
817 694
818 698
819 700
811 691
810 688
805 685
826 683
822 678
819 681
827 669
819 664
812 664
805 668
804 667
830 664
832 662
829 658
833 655
833 651
836 643
836 641
831 641
836 638
838 633
847 633
849 643
856 641
848 649
850 656
860 661
867 659
869 659
870 659
871 655
877 650
866 667
865 670
872 671
868 679
874 686
879 681
883 671
891 678
892 678
895 678
900 677
902 679
911 680
919 671
917 665
919 659
913 653
914 648
919 644
919 642
917 635
919 632
924 630
927 624
921 646
929 644
934 642
932 637
935 633
935 632
941 624
947 623
946 615
936 613
925 613
917 619
913 616
909 614
912 608
913 600
922 609
954 616
957 611
953 604
951 603
945 604
950 597
948 596
937 593
932 597
927 598
926 587
933 581
925 576
918 573
913 572
911 580
911 582
905 584
905 575
893 576
883 578
881 586
883 589
887 591
891 593
883 595
915 567
911 559
903 565
907 550
903 547
907 541
907 537
900 531
898 530
914 537
919 533
930 534
929 525
923 522
922 521
916 522
914 515
908 515
909 519
904 518
893 516
891 509
888 506
890 498
896 499
895 494
902 488
897 483
888 481
885 477
886 471
880 473
877 474
872 480
873 485
872 489
870 498
879 501
864 494
861 504
861 510
858 520
868 523
871 516
879 516
872 526
878 534
880 536
855 495
855 493
854 491
854 484
846 486
836 487
831 492
832 502
840 505
841 514
836 518
836 519
839 522
834 530
832 541
836 544
831 514
831 513
829 489
821 489
815 485
804 489
801 491
790 495
792 504
790 515
791 520
796 530
805 522
814 512
808 507
817 502
815 513
785 518
778 524
772 528
766 533
771 543
779 545
786 545
786 541
792 546
797 543
804 541
805 538
808 539
809 534
813 532
808 542
810 548
809 552
811 555
810 558
810 561
819 566
822 572
829 573
830 572
828 568
827 563
827 558
833 559
842 558
848 563
851 560
849 552
849 541
856 539
862 540
857 544
857 557
862 562
871 561
872 552
878 550
884 552
888 555
890 552
882 559
881 559
864 568
865 574
867 585
864 586
862 589
860 598
860 600
863 603
871 604
871 598
871 614
876 620
881 622
887 609
891 608
886 625
886 630
895 637
903 638
889 643
891 646
893 651
898 654
899 661
893 664
876 637
855 610
857 573
836 573
844 574
843 580
841 584
837 589
842 592
842 598
841 600
840 603
840 604
840 605
844 606
838 610
838 613
840 616
832 605
827 605
825 602
821 604
818 602
836 593
816 575
819 580
803 558
802 562
801 569
805 577
798 556
791 558
789 562
790 566
786 575
790 579
789 586
795 590
797 596
806 594
796 605
794 614
798 621
803 616
815 617
822 626
795 622
797 626
808 630
815 636
803 637
804 642
809 646
819 648
820 646
808 649
801 651
799 638
791 622
784 633
784 614
789 602
782 602
772 605
763 605
765 612
759 595
751 593
745 599
738 609
748 616
751 611
752 617
755 624
755 626
765 632
768 626
767 635
753 635
756 645
759 646
760 648
765 657
768 655
782 656
785 657
762 664
767 668
766 674
772 674
775 680
787 674
780 688
778 693
773 693
772 704
767 709
771 715
775 718
778 730
779 731
774 736
777 739
760 712
755 711
756 717
755 721
763 723
764 721
752 727
750 735
742 721
736 725
738 729
733 734
732 736
729 735
725 739
718 747
719 755
727 760
742 754
744 756
723 767
725 771
716 774
718 732
714 727
710 733
710 735
708 741
716 724
709 716
727 725
739 718
735 710
727 710
728 703
720 703
718 701
716 702
714 702
709 695
702 697
701 706
696 706
696 711
699 720
703 726
698 731
693 737
694 741
689 748
697 750
688 755
688 756
681 761
688 768
694 769
698 771
704 770
689 777
673 768
669 767
686 711
683 714
677 703
677 702
679 696
674 689
665 685
659 692
656 693
654 689
642 686
640 684
635 676
630 676
628 685
630 697
626 706
634 707
640 704
643 713
654 708
658 709
665 718
638 722
646 727
646 732
646 735
649 735
656 735
663 730
665 738
670 736
675 737
677 733
643 738
634 742
640 750
641 750
646 757
645 762
649 767
656 766
648 773
655 781
658 782
666 779
643 762
638 761
634 761
628 757
626 763
628 770
635 770
636 780
640 787
645 791
646 792
648 798
651 798
623 754
621 755
627 743
635 727
631 729
627 733
622 733
617 729
616 685
612 692
603 693
602 696
607 700
615 682
606 682
606 683
605 681
601 682
597 682
593 691
591 695
588 702
598 708
598 714
610 716
591 719
587 727
591 730
596 731
597 726
599 734
605 734
610 743
610 744
585 731
584 699
581 695
590 675
582 674
578 683
569 681
569 687
571 691
569 697
573 703
572 705
575 707
576 708
581 712
582 711
567 697
564 688
559 693
553 699
555 704
559 713
554 716
555 723
561 720
554 727
555 732
548 722
547 723
547 728
541 734
542 740
550 743
552 749
553 756
549 758
550 761
554 761
560 762
564 761
563 759
562 756
562 750
565 743
562 738
568 742
576 751
587 751
590 755
596 757
599 766
607 766
611 763
585 765
585 772
549 763
552 769
560 771
550 773
549 750
541 744
538 747
537 750
537 755
536 756
532 766
537 771
525 772
528 775
527 776
523 771
513 768
509 777
509 788
520 792
529 792
534 797
542 805
536 812
535 817
503 795
500 781
496 782
493 785
489 785
483 793
479 803
472 790
469 797
464 795
474 784
468 775
466 772
464 770
457 774
460 779
451 779
449 785
450 791
442 787
441 790
440 792
438 787
495 781
504 760
500 753
522 759
534 751
536 742
528 743
522 733
515 741
517 747
520 726
522 716
522 712
515 709
508 714
504 716
501 722
504 723
490 720
490 727
490 729
494 737
501 738
488 727
478 730
478 731
482 736
482 741
481 753
485 757
474 762
475 741
473 744
477 729
471 724
466 728
459 733
485 718
481 719
476 710
482 702
472 696
491 716
489 714
509 702
500 696
498 696
497 702
502 691
505 685
503 683
498 680
495 676
478 678
500 677
499 673
501 672
500 665
497 665
495 652
491 644
498 638
503 638
503 641
511 640
504 647
507 665
515 661
522 662
520 654
527 649
526 641
534 638
542 634
537 629
546 628
544 624
547 621
549 620
550 616
549 609
542 602
541 596
542 593
544 586
551 578
552 575
548 572
543 574
542 563
540 562
537 559
531 557
525 559
522 567
525 572
521 579
523 585
518 591
521 599
529 604
533 615
533 616
530 619
520 619
520 617
521 613
520 612
510 609
506 620
496 623
507 596
516 580
513 582
513 565
507 573
503 579
497 579
496 581
496 586
495 588
491 592
494 601
491 605
494 608
489 609
489 602
489 577
487 574
482 578
484 585
476 585
470 592
466 594
462 599
467 607
470 609
478 613
479 607
480 619
478 620
483 629
458 596
453 599
456 603
451 602
444 602
437 606
434 612
436 615
436 621
444 628
445 628
450 620
457 624
464 630
467 632
468 637
469 639
461 644
465 651
469 652
473 648
471 658
477 660
464 657
456 656
453 658
449 664
449 672
456 678
458 675
457 682
457 688
450 690
453 701
454 702
457 704
451 714
444 712
439 719
447 725
446 730
444 735
449 743
460 752
437 730
432 739
433 744
428 752
428 760
431 761
437 766
439 758
436 773
427 780
424 777
422 778
414 774
427 765
426 740
419 745
407 748
398 753
392 750
387 747
389 740
386 729
386 715
397 708
404 709
415 703
418 704
431 699
402 739
400 737
407 730
424 735
436 729
435 717
429 716
428 722
421 720
447 684
443 659
441 663
453 643
446 647
443 646
434 649
428 656
447 630
450 634
452 632
437 635
431 637
419 643
411 641
410 648
413 651
413 653
412 661
412 663
414 667
418 666
407 675
413 684
401 663
393 668
390 662
386 664
382 661
380 663
380 656
376 659
386 654
385 642
387 636
386 632
397 633
406 642
428 615
420 619
417 624
422 626
413 626
410 624
406 620
403 620
407 618
410 611
411 610
411 608
415 607
424 602
427 601
419 617
446 593
467 578
464 580
455 575
452 571
449 571
444 565
436 567
439 576
438 578
432 580
429 582
420 582
415 584
412 589
406 593
402 592
395 591
391 586
386 586
381 586
374 594
373 595
379 611
381 612
384 614
364 590
361 599
356 600
358 606
358 607
362 615
359 622
362 628
365 636
356 631
349 632
352 606
345 600
340 594
343 588
349 589
352 583
363 586
382 581
376 582
383 576
382 574
378 573
377 576
370 566
366 567
362 572
362 558
358 552
352 559
342 556
338 564
335 568
337 571
332 574
326 570
318 577
315 588
313 597
323 596
310 601
303 608
300 617
309 620
312 616
315 614
324 619
330 622
341 618
340 614
339 614
336 608
330 606
305 627
302 632
305 639
310 643
313 642
318 645
321 642
322 657
326 660
336 653
336 650
339 650
346 656
348 657
351 659
351 669
354 672
363 675
362 681
362 683
362 690
366 692
367 697
372 694
376 681
385 693
389 690
328 670
328 673
330 675
339 672
339 683
334 687
337 696
346 699
349 695
357 704
355 710
362 712
368 717
343 708
340 709
338 708
337 708
333 719
330 725
331 731
337 730
337 733
343 732
345 733
352 742
362 745
369 744
365 736
364 736
365 735
362 731
371 753
369 754
350 751
342 752
336 760
330 733
327 724
322 727
317 730
317 742
322 742
321 749
324 755
321 756
311 745
303 747
301 742
304 730
320 725
319 720
314 720
327 704
323 704
313 697
304 703
303 709
301 713
291 708
288 715
289 721
285 723
281 730
285 732
277 728
271 731
275 738
277 741
275 742
272 746
268 752
273 756
277 752
280 752
279 756
280 759
284 757
285 760
285 767
273 757
269 763
267 768
265 769
259 777
258 787
251 789
253 793
259 798
260 802
267 802
255 806
248 809
242 819
244 823
246 832
248 834
252 841
258 843
259 839
265 832
267 832
267 821
267 849
273 847
274 847
278 841
278 833
283 823
284 812
286 805
285 801
288 795
291 790
281 785
282 782
277 781
271 779
298 790
306 787
311 779
308 772
301 777
300 764
319 769
321 770
329 773
318 787
320 794
325 796
326 805
334 806
335 805
336 796
341 797
344 796
350 806
354 813
357 820
361 818
322 808
314 813
321 818
315 824
312 811
305 819
296 823
306 795
301 799
299 804
268 861
277 863
279 864
285 859
285 869
291 864
293 862
293 858
296 850
303 842
298 837
296 836
305 841
306 838
308 842
312 852
312 854
310 859
312 862
321 869
328 871
339 866
334 860
333 852
341 846
336 831
331 831
329 832
348 848
351 845
351 838
342 869
345 873
348 873
359 876
363 870
358 867
354 859
367 863
372 858
368 851
384 856
388 851
390 850
397 845
399 837
395 831
396 825
391 822
385 827
380 829
377 836
384 840
372 837
366 835
376 826
374 827
375 824
384 819
388 814
395 817
405 815
399 807
398 798
391 799
389 798
381 799
381 800
381 804
380 806
393 791
387 787
385 776
381 773
371 779
367 787
368 794
365 805
359 786
363 768
361 769
360 769
391 768
395 766
396 784
402 793
406 797
416 805
423 798
423 808
431 816
439 816
447 807
440 823
423 820
425 827
427 829
410 825
409 840
411 837
417 838
417 839
421 846
419 849
430 855
434 854
439 856
441 860
441 861
442 868
437 874
435 879
436 880
434 867
403 851
400 858
394 865
389 852
383 866
378 879
351 885
351 888
356 888
361 895
365 892
367 893
369 896
365 901
375 906
376 914
375 916
376 917
388 919
389 920
395 914
392 911
389 901
394 899
369 919
358 916
355 918
346 921
339 913
330 904
326 900
316 905
312 897
308 897
342 910
352 906
364 902
337 890
321 876
317 878
308 870
293 874
259 864
262 872
269 877
257 861
235 823
232 835
235 843
224 831
251 796
250 797
245 788
256 777
265 760
260 754
259 750
250 750
247 751
250 757
246 762
244 770
243 773
237 769
238 765
229 761
227 770
227 775
228 785
223 793
220 798
220 802
218 806
214 806
212 811
210 817
218 820
224 814
226 811
232 810
210 829
207 838
198 843
197 850
206 852
189 857
198 863
203 865
208 863
188 868
186 873
184 883
192 883
201 889
207 886
203 879
215 882
216 880
221 874
222 866
222 862
223 850
217 846
231 873
234 863
237 863
235 874
226 883
226 886
226 897
230 904
239 906
247 905
243 899
252 906
256 905
255 894
246 888
246 885
238 885
248 882
259 911
247 908
248 917
255 922
256 926
259 924
256 931
250 937
257 944
264 943
267 948
273 946
275 943
272 938
269 929
278 924
277 917
279 914
285 906
290 898
285 890
279 895
270 892
283 885
294 901
282 927
286 924
288 924
273 951
273 957
276 961
284 958
279 966
278 967
273 973
269 964
262 964
262 973
261 979
267 987
267 989
269 993
265 996
269 1006
272 1013
273 1019
283 1015
287 1005
284 1000
289 993
289 987
280 982
292 987
293 986
293 984
292 984
291 976
297 972
291 967
301 985
308 981
309 979
306 976
310 970
319 983
327 990
333 984
332 977
335 974
331 968
338 965
345 958
337 953
336 953
331 950
338 947
337 946
334 940
333 929
324 924
315 930
317 933
313 937
315 940
321 940
308 945
308 946
304 939
300 943
300 935
298 936
290 935
320 918
349 938
346 976
352 969
348 982
347 990
355 991
362 991
360 985
360 984
360 982
366 996
374 994
371 987
368 980
380 984
383 973
382 965
373 965
373 968
393 973
397 971
405 960
398 951
394 948
391 943
378 944
377 947
365 945
362 956
380 933
394 937
395 934
400 929
384 989
393 991
384 999
391 1001
398 1006
405 1008
411 996
415 1011
418 1011
426 1006
434 1000
439 996
442 988
443 987
448 985
450 991
454 988
455 982
450 979
444 977
434 977
432 971
444 970
443 963
442 958
438 960
433 961
425 958
422 959
421 968
424 977
420 985
451 959
450 953
452 962
458 959
467 956
469 946
463 945
456 940
454 942
450 936
443 939
438 937
435 942
430 946
430 938
422 936
421 942
420 947
431 931
437 927
432 921
426 914
417 909
412 911
415 906
418 904
420 898
421 884
416 879
412 878
409 883
431 894
422 904
433 907
440 905
444 896
452 895
450 889
450 886
450 882
460 880
470 878
481 877
484 871
485 867
484 860
483 859
480 855
478 849
473 849
467 848
463 841
456 849
454 849
454 855
455 856
458 834
454 836
445 839
442 842
455 824
455 819
460 812
469 814
475 819
482 821
486 818
493 807
481 832
461 823
466 827
469 831
475 843
489 866
493 860
494 852
492 845
493 837
494 833
497 827
499 819
507 818
511 806
515 807
510 827
516 831
520 820
522 820
525 836
530 839
514 842
508 832
496 862
500 860
504 859
505 868
506 871
520 873
523 866
524 859
524 854
505 872
505 875
507 888
502 869
475 887
482 888
490 892
493 889
494 896
498 900
499 908
501 911
507 905
497 921
497 923
491 917
485 916
486 912
487 907
480 907
471 899
451 911
455 914
455 919
451 918
442 927
450 933
452 933
474 943
482 937
481 929
475 923
468 925
494 935
496 941
500 940
501 947
508 949
511 940
512 937
515 936
514 932
519 927
522 922
517 920
517 937
510 950
514 957
505 955
499 956
500 967
500 971
468 963
469 965
474 959
456 978
461 978
463 977
461 980
457 975
451 992
440 1005
443 1004
447 1001
453 1001
445 1008
452 1009
462 1021
444 1022
435 1019
418 1017
417 1022
398 1014
397 1016
397 1020
394 1015
389 1020
381 1010
375 1014
366 1020
358 998
353 1000
353 1003
352 1004
306 993
303 999
315 1002
320 1005
332 1002
338 1003
338 1004
340 1008
338 1015
343 1016
346 1017
333 1016
314 1010
300 1010
302 1020
306 1021
286 1022
264 1023
259 1019
255 984
251 987
249 996
244 998
242 999
246 1008
249 1008
248 1012
236 1012
230 1013
228 1020
223 1012
219 1012
211 1012
231 1005
241 997
238 993
231 988
244 994
261 963
254 962
252 961
249 961
248 956
239 954
235 958
237 966
237 971
231 974
225 956
220 955
212 961
209 957
209 955
207 951
200 949
193 952
189 959
196 963
198 970
205 972
208 979
210 983
207 989
211 996
218 994
218 988
218 1000
197 991
197 986
197 983
186 981
177 987
180 994
173 986
168 994
164 996
167 1000
171 1001
177 1010
187 1007
193 1009
195 1018
199 1022
188 1017
175 1017
177 1018
170 1018
160 1014
157 1007
147 1011
148 1023
144 1011
157 986
152 987
164 977
158 973
154 962
143 967
140 974
139 983
134 987
138 994
134 975
130 977
125 976
118 979
113 979
111 989
114 995
122 1000
103 990
100 997
102 998
102 1000
103 1008
99 1017
102 1022
119 1020
98 996
96 994
89 996
87 1004
86 1008
88 1018
83 1008
78 1010
73 1015
72 1022
81 993
76 997
73 998
77 990
81 988
77 983
73 980
69 981
67 985
67 979
57 975
53 981
48 981
47 976
44 977
44 969
37 963
32 964
28 974
31 985
23 971
26 957
14 961
7 969
6 973
2 981
6 985
10 992
18 991
12 1001
11 1011
13 1015
22 1015
31 1008
32 1003
34 1000
45 996
48 1004
52 1015
60 1014
58 1022
50 1016
38 1022
2 1006
1 994
26 951
15 947
1 948
28 948
29 946
32 938
24 938
33 931
25 925
39 923
39 922
47 923
52 924
58 927
61 925
65 935
70 938
77 939
77 932
83 940
87 931
87 925
84 922
90 920
89 919
96 916
99 907
98 902
88 903
79 896
77 899
73 903
68 898
64 896
63 897
59 888
53 887
53 891
54 894
53 896
51 902
52 912
56 912
45 901
45 890
38 887
28 888
18 883
15 887
14 896
8 901
16 906
17 907
5 903
3 911
9 913
13 922
14 930
7 925
6 923
5 896
6 892
39 883
34 876
34 874
25 868
20 860
35 873
61 881
56 879
49 875
64 875
65 868
58 860
70 866
74 865
78 870
84 875
87 869
86 861
91 855
96 848
102 855
101 862
102 866
87 877
96 874
103 880
104 890
115 888
122 888
124 884
124 876
129 875
127 869
124 867
124 857
113 858
127 857
129 846
135 839
125 834
142 842
150 844
134 858
131 868
138 874
140 872
141 870
143 868
145 868
147 867
150 868
150 865
160 865
164 859
160 854
167 859
167 852
170 850
174 849
176 848
174 846
168 837
161 842
171 833
177 831
89 884
94 884
92 892
77 879
108 910
115 916
123 914
127 905
128 915
133 919
142 915
140 911
139 899
135 889
137 926
144 931
152 924
164 927
162 934
150 937
134 932
134 940
138 943
140 943
137 953
114 924
115 928
119 927
127 925
124 933
113 935
116 938
108 935
104 933
102 930
100 919
78 945
80 946
82 951
78 953
85 964
76 948
46 955
42 948
60 963
64 962
65 961
77 977
74 975
84 981
94 988
95 984
92 987
112 968
107 964
99 959
99 956
98 950
94 951
102 950
111 958
112 954
154 953
170 968
176 960
175 950
172 947
175 936
184 942
210 944
214 941
228 948
227 944
239 953
264 957
262 954
245 942
242 920
230 908
229 911
228 916
223 915
219 916
220 926
225 929
224 934
232 934
220 898
215 905
182 893
187 897
188 908
193 907
196 908
199 910
204 914
182 908
183 913
182 919
193 926
176 919
175 921
164 914
159 907
157 908
162 899
156 885
176 892
175 891
175 893
193 835
192 831
201 825
210 805
200 806
187 808
182 811
176 812
175 817
171 810
177 807
179 804
177 799
211 788
205 787
203 784
196 787
185 787
189 775
184 768
180 773
176 773
170 770
168 763
163 760
157 753
150 764
147 762
142 767
145 770
156 775
160 780
169 788
155 788
155 792
156 795
158 799
159 802
154 810
158 822
144 807
139 806
136 818
139 822
144 822
139 781
133 787
203 783
220 756
210 759
209 770
211 770
241 753
239 748
235 748
257 744
256 741
251 735
242 734
253 728
255 720
247 717
239 718
233 714
223 716
221 719
221 724
222 725
223 736
226 737
220 742
222 744
211 737
208 746
208 748
200 745
196 745
195 749
189 735
209 722
203 726
219 704
229 700
223 693
262 726
263 736
279 713
276 715
276 718
271 711
269 705
266 705
290 704
285 700
292 702
307 688
306 687
301 691
298 692
322 686
330 676
306 649
298 651
297 652
301 659
310 664
311 668
308 673
298 676
289 676
290 682
282 680
281 686
274 680
273 684
268 676
257 677
257 671
255 670
250 674
250 676
251 680
246 684
247 688
254 689
258 689
248 693
248 696
243 686
239 679
243 670
238 663
232 670
229 675
232 658
221 662
215 668
211 661
207 659
204 666
204 671
202 674
206 678
216 679
203 682
204 688
206 699
192 685
192 696
193 709
180 697
176 693
168 695
166 686
166 685
190 683
202 653
191 656
191 663
183 667
179 670
175 667
171 674
174 662
169 658
167 655
162 658
157 655
154 664
159 674
156 676
150 647
145 651
191 648
187 645
180 649
197 639
208 649
237 653
241 649
238 645
237 641
234 639
229 638
228 644
228 647
231 646
233 634
235 630
240 626
233 621
223 622
222 625
216 630
218 632
213 626
202 623
199 624
230 613
225 607
226 604
234 597
238 599
245 593
245 585
244 579
240 577
238 580
233 587
229 581
222 573
221 567
240 576
238 571
236 571
240 561
240 551
237 549
235 546
231 547
227 551
218 552
217 553
211 558
205 562
202 567
210 573
211 581
211 584
212 589
222 593
211 590
208 596
208 602
209 606
215 613
205 605
204 609
199 567
191 574
189 579
193 582
195 587
196 587
197 586
193 588
193 560
183 560
180 559
177 558
168 563
169 571
167 577
171 579
172 577
178 581
174 551
166 547
163 554
153 552
146 559
140 564
136 566
136 578
129 580
130 584
129 593
141 593
149 586
153 578
143 603
147 603
151 601
143 614
144 624
154 625
162 626
164 618
164 616
162 627
168 627
177 623
177 614
176 603
173 600
168 598
164 589
185 598
185 621
186 616
192 608
192 607
180 630
186 633
169 634
164 641
134 617
127 619
125 621
120 623
119 629
123 630
121 635
130 636
120 639
125 648
124 650
125 652
131 659
132 664
138 665
122 653
114 620
109 628
109 617
135 606
121 600
119 600
119 605
115 604
112 592
103 599
103 604
95 591
90 588
84 590
78 586
76 595
74 600
73 605
77 606
81 605
85 605
93 611
90 614
91 616
95 615
91 620
93 623
97 631
82 632
76 618
70 605
67 600
65 600
59 599
60 606
64 609
59 611
58 614
62 619
66 630
65 635
53 614
51 622
49 628
46 627
39 633
30 639
22 641
23 644
20 653
28 653
29 654
36 654
43 656
52 648
46 665
54 669
57 666
63 665
70 674
78 669
81 673
91 672
97 661
100 658
94 652
92 649
85 650
85 651
85 655
71 649
85 647
101 659
104 661
94 683
100 681
104 683
110 679
104 688
109 689
120 687
125 679
100 689
74 681
77 688
81 692
86 699
86 706
94 713
100 702
80 705
79 709
77 719
83 723
93 724
91 733
97 733
103 727
105 727
115 725
115 721
110 714
114 707
116 708
127 726
136 726
135 721
135 714
142 705
147 707
152 698
153 696
147 693
135 692
155 691
154 698
145 727
146 727
148 725
147 724
149 720
155 722
162 712
175 713
178 710
159 725
157 730
162 735
168 730
171 733
171 735
173 738
149 726
139 734
138 738
148 741
127 734
127 740
127 742
135 749
136 752
114 734
112 739
98 738
96 741
96 748
96 752
101 755
104 756
112 762
122 766
121 774
90 756
92 759
90 764
93 769
97 780
87 785
93 792
94 797
95 799
101 802
104 799
113 801
115 800
116 796
112 793
110 790
113 804
120 807
124 804
84 798
84 803
79 797
75 798
78 790
85 770
78 767
73 768
69 780
65 782
63 788
54 792
51 794
50 799
56 811
64 809
67 809
66 817
66 824
77 832
86 820
91 826
104 831
110 830
73 843
72 844
70 851
61 845
47 794
51 786
46 784
44 786
34 785
35 797
36 799
28 809
33 816
41 817
39 826
44 827
40 833
41 836
44 838
50 833
42 840
29 831
23 816
17 819
20 823
12 831
4 839
4 843
10 846
12 849
24 845
6 854
4 864
5 866
5 870
3 851
5 820
0 814
1 807
6 797
14 793
15 785
8 777
7 777
4 784
30 786
29 785
30 776
24 768
32 765
33 753
28 749
23 753
22 753
21 752
12 751
4 762
4 747
6 743
6 740
6 729
30 747
40 751
41 750
50 775
68 761
59 754
58 746
57 746
69 748
70 744
80 764
80 762
83 753
90 741
74 707
67 713
59 719
56 729
68 695
43 669
43 678
43 683
52 689
55 696
50 698
38 684
37 682
29 677
21 660
12 660
3 660
28 663
22 668
17 673
14 680
18 686
18 690
26 689
29 699
27 704
30 711
26 716
36 724
26 731
19 734
14 715
14 719
5 713
25 705
23 706
14 693
10 677
7 673
8 669
13 644
6 643
4 644
4 637
9 630
16 630
16 626
15 623
20 623
24 615
24 614
22 613
25 606
23 605
14 607
12 601
1 592
26 606
28 603
24 599
29 597
30 597
30 586
35 579
26 575
17 577
17 581
15 586
46 582
49 577
51 575
52 572
47 569
58 571
56 561
66 566
69 566
76 558
74 551
73 549
65 554
54 549
46 545
43 548
40 552
42 556
38 558
36 554
32 557
32 548
30 547
23 544
12 548
13 551
11 554
20 558
17 562
6 560
8 547
24 538
22 536
18 533
18 525
17 525
9 528
2 524
1 530
1 521
4 510
25 536
26 532
29 523
30 520
32 512
24 509
21 500
26 499
27 498
27 494
22 494
10 494
31 492
30 480
33 476
30 475
25 470
20 468
23 464
27 457
23 448
16 450
10 458
3 460
0 462
1 470
23 442
19 443
13 443
3 438
2 434
8 426
11 423
14 411
14 409
11 406
6 406
0 409
12 398
2 393
14 390
13 387
13 378
24 386
24 385
29 387
31 379
36 378
35 388
39 391
52 384
38 399
39 404
39 413
45 411
31 412
30 398
28 401
16 406
20 424
30 435
36 452
35 479
35 522
36 521
44 543
40 534
38 535
44 530
57 539
74 547
71 543
72 540
74 535
66 524
61 512
59 509
57 507
49 514
57 506
53 504
75 548
82 554
85 553
85 542
94 554
97 547
105 547
105 537
103 531
102 527
88 518
85 520
79 512
80 504
111 532
120 529
121 521
127 521
131 512
133 505
123 503
122 506
120 510
111 513
106 510
99 505
108 501
100 492
96 492
119 494
122 484
130 479
128 474
129 522
130 530
131 536
123 542
124 545
122 555
111 549
93 561
72 573
81 574
84 569
89 575
32 605
33 627
56 595
53 593
48 598
44 603
58 589
60 588
65 590
74 585
96 589
101 582
102 579
114 590
117 580
116 573
110 570
145 558
148 543
155 539
156 530
146 530
141 523
163 522
164 512
151 511
153 503
181 556
184 546
186 538
181 532
203 555
247 572
254 568
256 559
251 558
250 556
252 555
258 550
257 543
265 530
260 523
268 529
273 525
264 551
267 548
268 553
263 567
269 566
272 563
276 559
287 548
274 569
281 572
289 570
291 567
293 577
297 581
293 583
292 587
293 592
289 592
282 594
284 579
283 582
263 572
267 581
267 584
268 592
259 594
257 581
238 606
241 606
246 603
250 601
254 603
248 607
249 608
239 637
247 633
247 641
256 662
257 655
267 653
278 648
280 645
274 643
279 637
273 635
268 628
266 629
259 630
261 634
265 640
254 620
266 619
273 620
281 637
286 634
286 624
267 661
251 661
269 673
290 671
281 662
299 605
297 608
292 610
314 569
310 571
310 565
304 562
315 568
324 562
323 553
328 548
328 546
333 542
334 540
335 532
331 529
331 527
331 523
322 523
319 522
313 521
306 525
307 535
315 537
322 535
296 521
295 531
293 516
292 516
293 512
294 511
293 503
283 503
283 511
282 500
274 500
265 504
260 500
249 504
245 513
243 519
234 524
232 528
231 529
223 534
214 533
213 536
205 530
198 528
192 524
189 516
201 521
206 513
200 510
197 511
195 505
194 505
199 501
202 498
200 492
194 493
189 487
191 481
185 477
181 482
176 490
171 493
168 497
171 501
176 501
176 508
165 493
174 476
168 470
158 470
154 477
162 478
159 462
172 466
170 463
190 469
193 463
193 457
186 454
178 457
179 448
168 449
159 450
157 447
154 438
149 438
146 435
142 439
146 446
147 452
145 453
146 454
139 438
139 431
137 431
139 425
130 424
125 433
117 437
121 422
116 419
114 412
110 403
107 405
102 409
100 417
104 421
106 425
96 421
97 422
98 428
93 434
96 443
102 440
100 450
95 452
94 460
89 467
87 475
92 477
96 479
100 477
104 468
108 459
112 454
115 456
119 456
126 458
129 454
126 452
134 452
134 459
141 465
144 471
142 473
142 478
81 466
75 467
90 452
81 448
75 451
72 455
67 460
63 458
60 459
61 475
65 488
48 465
56 451
64 442
66 437
59 437
57 436
52 431
62 425
70 438
74 431
80 427
109 401
107 396
106 396
102 393
96 397
96 398
92 399
93 405
93 410
87 411
85 405
82 393
73 393
69 397
70 402
69 404
67 403
62 411
66 397
55 401
103 392
96 385
84 380
82 374
99 377
97 365
89 363
91 356
81 356
92 346
87 338
121 406
124 408
125 411
135 409
143 405
144 396
136 396
129 391
126 383
125 380
117 383
116 391
111 380
127 369
119 367
118 364
118 355
113 348
120 353
125 353
130 346
127 340
122 335
117 330
113 334
107 333
142 339
129 360
136 355
140 354
141 357
144 412
149 418
154 415
155 404
164 402
171 394
168 390
171 385
164 381
156 383
157 386
157 393
151 381
149 371
174 385
175 380
172 379
176 380
177 375
173 371
168 369
163 372
162 357
159 343
181 367
174 386
175 388
179 387
173 394
181 399
164 406
167 407
156 416
154 421
160 422
160 424
158 427
146 430
180 438
180 430
184 420
196 421
191 437
197 437
201 451
205 447
207 444
210 439
215 433
216 442
219 441
206 448
212 452
215 452
227 452
231 448
237 447
239 449
247 442
250 440
248 438
249 436
247 434
250 431
252 437
258 433
261 427
266 417
270 411
262 409
252 414
251 419
251 413
245 405
240 409
241 416
239 419
239 420
239 426
232 420
226 422
228 410
227 410
218 408
208 410
215 397
226 394
227 389
221 380
213 383
207 384
203 386
198 388
197 384
191 378
210 372
209 360
213 357
206 347
198 351
196 350
191 353
189 357
183 346
177 353
214 339
211 333
203 334
199 330
194 329
211 330
217 336
220 336
221 331
220 339
219 357
222 364
232 360
235 355
244 348
250 350
255 347
263 346
259 338
254 338
249 337
240 336
266 347
267 353
270 358
273 353
276 347
273 345
275 343
276 360
283 354
287 350
297 348
301 352
301 354
307 355
314 354
313 344
304 339
304 337
299 336
297 336
286 337
284 328
279 323
273 314
264 309
266 306
266 305
265 304
281 308
278 303
273 294
268 290
254 287
250 296
244 293
240 296
241 302
236 288
253 285
250 278
284 305
305 330
307 321
295 321
290 316
311 309
310 306
310 300
313 288
305 288
296 295
294 291
303 284
321 280
319 278
322 271
316 264
327 263
337 264
342 271
351 273
355 265
359 262
360 256
359 252
359 248
360 246
356 243
350 247
348 244
341 243
339 248
335 250
337 237
332 234
325 240
326 242
322 246
316 241
306 237
305 240
305 244
293 243
294 252
290 256
286 266
282 268
276 273
273 269
266 260
257 261
248 258
240 261
239 258
236 260
229 259
230 271
235 273
224 259
219 265
209 268
213 275
204 269
201 271
201 273
195 279
201 282
204 283
208 289
209 293
212 298
217 295
212 308
219 306
221 307
226 313
228 315
234 316
235 315
241 317
237 323
201 304
195 309
202 317
191 304
188 307
187 299
182 292
180 292
191 278
180 273
179 266
196 266
198 262
201 259
197 252
197 247
201 244
210 249
216 248
291 241
280 240
272 245
271 243
269 245
284 232
284 226
282 222
274 220
272 215
265 209
263 218
258 219
249 218
247 226
250 227
243 234
244 239
251 237
259 241
262 236
268 232
258 245
240 243
238 243
235 227
225 231
224 239
218 232
207 230
207 226
203 224
258 209
263 201
284 216
279 205
280 198
278 194
270 191
294 209
299 209
304 201
302 197
299 196
293 199
300 193
295 192
295 180
284 179
282 180
284 182
284 177
288 221
307 234
309 231
302 222
316 229
332 226
337 223
338 224
349 224
355 221
364 235
368 235
373 230
376 227
371 221
371 216
376 208
375 203
369 202
373 194
375 185
378 183
377 172
371 168
364 170
359 173
364 177
359 185
361 194
354 200
355 203
350 208
343 206
336 201
329 208
326 214
345 195
353 183
358 169
349 172
348 172
344 169
339 168
335 172
334 173
339 181
334 184
326 188
321 192
317 203
317 187
315 178
320 178
323 179
344 157
344 148
342 148
338 144
330 141
350 138
346 130
347 128
342 123
338 116
338 115
335 112
330 107
324 103
340 106
341 107
347 119
351 119
355 113
356 124
362 118
366 108
375 103
376 102
377 97
370 92
362 88
357 99
351 98
347 92
341 86
362 86
357 76
352 68
344 64
343 73
340 61
331 56
330 67
323 50
327 43
326 37
322 37
320 37
312 41
309 34
307 32
305 32
304 31
297 36
292 42
294 44
300 46
302 53
291 42
285 35
278 35
276 37
275 46
272 50
263 47
261 47
261 52
253 55
247 57
247 66
247 75
253 80
262 71
265 67
268 65
279 69
289 60
284 75
288 85
290 88
294 93
302 87
302 81
299 75
297 76
304 67
315 69
308 95
315 90
312 85
323 80
328 84
307 108
279 77
276 83
275 92
274 92
274 99
272 100
275 108
287 108
288 107
292 117
297 118
302 123
307 132
309 133
317 129
317 127
316 121
307 136
307 142
309 147
315 153
319 153
313 158
323 165
305 165
305 152
301 151
294 135
288 142
288 148
285 142
278 149
263 104
263 114
267 119
271 123
262 114
264 93
265 87
247 84
248 91
244 101
238 104
243 110
240 119
234 118
233 130
236 105
228 96
238 80
239 64
231 65
225 63
224 69
222 70
219 73
226 78
217 76
211 81
203 86
193 90
191 97
190 100
192 100
189 104
193 105
198 103
202 97
208 100
211 108
211 113
209 116
213 119
212 120
206 129
215 131
181 97
177 95
175 99
171 103
163 102
157 107
156 116
155 122
156 123
164 124
165 121
169 115
173 118
176 121
145 126
153 135
150 140
159 143
148 138
139 130
134 125
133 124
125 120
123 117
117 114
111 124
110 128
110 131
120 137
127 142
101 132
101 138
92 142
98 150
103 148
112 151
116 157
119 155
106 163
103 170
99 129
93 123
88 123
81 118
79 122
73 120
72 121
70 127
69 132
74 137
78 133
79 145
80 156
85 162
85 163
86 169
92 177
90 184
98 183
100 185
102 186
105 187
106 184
112 185
118 175
124 169
128 168
132 169
135 166
127 172
132 175
136 178
145 182
154 178
161 186
165 182
146 188
146 197
155 198
162 197
163 198
165 200
170 205
175 209
181 208
187 205
186 202
182 199
189 202
193 198
191 196
194 193
190 190
183 177
192 205
202 206
213 208
221 205
222 199
229 197
236 193
236 189
228 182
227 175
224 166
218 162
210 168
207 164
203 165
201 167
201 172
198 173
200 176
210 182
209 185
213 190
209 193
206 192
194 157
194 155
193 155
183 151
182 152
182 155
175 158
175 164
168 157
158 159
153 159
173 152
182 147
176 145
175 142
177 136
217 155
213 149
204 147
205 142
198 142
224 158
231 161
238 159
235 149
234 149
246 155
253 152
262 142
258 137
255 129
252 126
243 181
250 177
244 170
252 177
260 166
267 162
247 190
254 190
222 209
223 209
188 209
193 217
188 226
182 232
184 236
185 244
179 253
166 252
163 248
182 213
175 222
143 205
138 209
125 189
129 190
105 190
107 197
106 202
112 204
103 205
108 213
115 219
117 216
121 213
127 217
115 225
116 227
123 237
128 241
133 240
138 243
140 236
137 228
132 229
147 226
149 220
158 232
162 221
144 248
143 249
143 254
147 258
148 258
135 258
126 245
117 242
109 243
103 246
100 257
89 262
91 270
91 274
102 275
107 282
113 279
112 267
117 263
115 260
117 257
122 280
131 283
141 279
131 287
105 284
109 288
116 296
119 293
122 295
119 299
119 300
124 305
129 303
128 301
139 299
144 294
153 292
155 293
162 289
164 290
168 281
163 277
155 275
165 274
142 301
148 307
151 309
155 315
164 305
170 310
172 311
174 319
180 319
177 326
177 330
147 315
144 325
141 324
136 323
132 321
109 308
105 310
103 315
104 319
92 308
88 274
88 273
82 263
82 267
79 266
78 270
76 276
80 286
92 288
78 287
81 295
71 267
63 268
65 274
65 280
67 280
62 290
63 292
65 292
68 297
66 298
57 295
51 305
42 311
33 319
33 328
34 331
36 329
43 327
44 333
41 335
45 341
48 342
53 343
51 350
49 357
57 358
62 353
61 346
66 335
69 327
63 323
60 323
61 326
75 319
70 312
78 322
83 326
74 338
66 356
47 363
41 355
33 351
24 361
29 333
24 329
22 328
16 336
20 346
5 341
7 347
12 320
32 340
37 301
34 298
26 306
19 304
16 301
15 299
7 301
2 304
3 307
13 295
16 294
19 287
18 280
10 272
4 273
2 277
2 282
0 266
27 286
34 297
44 289
57 268
64 262
58 259
54 248
43 247
36 253
27 263
26 268
35 270
39 272
40 274
32 244
44 240
38 230
36 224
34 220
28 216
27 217
26 225
26 228
21 238
11 241
7 243
19 217
32 212
34 209
31 203
30 197
24 199
22 198
16 199
26 187
17 186
16 182
15 182
6 186
5 189
0 196
4 201
2 203
7 214
10 227
2 185
20 175
26 182
39 179
38 217
46 215
39 223
46 224
53 223
59 224
58 217
61 211
55 210
46 202
59 225
62 225
65 225
59 228
58 232
56 235
86 252
76 245
82 237
85 238
97 231
112 228
104 215
89 213
88 214
88 217
81 189
77 189
73 193
75 205
63 192
57 195
57 196
52 186
55 183
83 172
74 166
81 178
71 180
70 180
67 141
63 142
65 145
64 155
56 152
57 160
54 167
54 170
61 142
57 140
53 138
44 144
55 135
60 133
63 123
57 115
56 115
52 111
50 114
44 119
40 115
31 113
26 114
21 119
24 123
32 126
16 119
17 123
15 128
8 136
13 142
20 142
27 146
30 153
27 155
17 153
9 164
4 167
6 137
5 145
6 150
4 137
7 112
10 107
7 97
0 100
0 101
23 112
51 106
46 104
46 103
44 102
39 107
47 97
47 89
42 89
48 81
42 74
35 78
32 80
25 89
27 92
29 94
41 67
39 67
33 66
31 64
23 69
18 77
14 82
14 68
17 62
22 59
15 52
10 48
4 46
2 50
7 59
20 48
19 46
48 63
42 58
43 54
40 49
36 47
48 38
38 30
32 26
23 25
25 32
18 31
8 28
1 24
9 21
22 18
20 17
28 14
25 8
18 7
6 9
5 2
1 0
30 5
33 6
35 14
48 20
62 22
51 56
59 60
67 62
72 66
65 74
63 84
72 89
59 89
50 79
54 100
55 99
60 111
63 107
66 100
72 108
91 118
101 118
117 113
121 104
124 105
150 115
165 97
158 91
149 86
144 92
142 94
143 97
144 99
142 107
135 101
139 89
131 83
126 83
121 87
117 85
109 93
147 84
146 73
141 70
136 71
132 69
125 68
123 72
136 66
130 59
127 51
122 48
117 49
110 50
112 56
112 62
109 73
102 74
98 72
95 82
99 86
91 88
85 94
90 97
90 99
89 67
85 71
88 60
88 57
85 52
78 53
102 70
99 60
107 44
99 40
124 42
121 36
115 39
114 34
110 33
108 28
98 26
94 23
91 26
84 28
80 34
75 42
63 47
82 26
92 18
110 15
106 14
105 6
95 5
94 3
79 7
73 5
67 1
65 0
60 2
59 6
53 5
48 1
123 34
127 25
127 15
124 9
128 25
140 22
142 21
146 22
152 16
155 12
154 11
147 4
139 1
134 0
160 7
166 3
176 5
181 0
184 5
195 2
182 12
179 16
173 22
179 31
187 25
192 19
192 29
200 27
191 40
194 44
206 46
211 39
220 38
227 31
223 26
215 26
221 16
211 15
220 5
224 5
225 1
232 12
221 40
192 54
196 67
198 71
186 71
177 75
176 78
188 53
179 57
178 37
176 43
172 22
147 27
145 31
157 36
164 38
163 44
162 58
161 62
165 62
157 60
153 44
145 47
134 37
219 67
217 64
216 62
219 58
215 56
221 56
231 53
237 43
232 54
262 42
253 42
257 33
267 30
270 19
276 5
264 3
254 8
286 33
316 27
320 23
322 22
324 20
329 20
337 17
335 11
331 7
328 1
326 1
320 5
314 3
306 7
311 15
303 17
299 15
296 16
293 19
289 20
282 22
291 15
340 3
343 20
349 22
341 28
322 25
336 51
337 49
341 46
338 40
347 37
354 42
360 37
361 35
370 29
361 24
367 10
363 6
356 6
375 31
380 26
388 16
383 4
392 1
399 2
380 41
388 35
393 37
398 36
399 26
399 44
402 52
403 52
406 52
407 50
408 58
397 55
371 46
369 54
374 55
383 54
369 58
365 58
359 58
365 84
370 74
373 75
380 91
380 89
378 104
379 107
381 111
389 109
396 110
398 103
397 99
402 102
402 99
401 97
404 96
409 95
406 89
410 87
396 115
402 119
413 118
419 124
428 123
426 115
431 110
432 107
425 105
420 100
420 93
433 106
435 104
434 93
436 90
435 84
424 81
421 80
412 75
401 72
394 73
394 77
389 68
401 68
419 138
422 141
390 119
379 115
360 135
368 140
373 131
373 127
379 127
383 138
393 139
381 148
376 155
377 156
391 163
353 158
381 186
388 182
391 186
396 181
392 191
402 199
400 202
384 211
379 229
385 224
391 229
394 221
392 236
396 245
393 251
400 251
407 249
405 242
405 234
416 248
417 242
415 233
410 221
406 214
428 243
432 238
442 237
443 241
446 243
446 245
454 245
463 242
464 235
460 232
455 228
454 225
451 219
445 222
441 220
456 208
445 208
454 196
444 187
437 187
437 177
430 176
437 168
427 160
425 163
417 170
417 180
413 184
420 190
424 194
408 159
404 152
435 155
434 152
435 151
465 205
469 207
470 206
470 200
478 200
480 203
486 208
491 208
490 205
493 194
498 189
497 183
501 178
497 173
494 166
488 166
482 168
480 177
484 177
472 182
472 188
470 182
480 166
474 165
471 167
459 167
459 170
456 159
453 159
450 159
457 155
454 152
457 146
458 139
460 137
470 141
471 135
469 145
464 156
493 161
492 158
484 157
495 145
496 144
498 165
498 209
506 203
508 197
512 197
520 192
518 189
524 190
524 184
529 189
532 182
532 180
537 182
548 178
560 178
567 186
569 187
575 184
572 177
582 190
589 188
586 179
585 178
583 168
587 167
588 165
582 159
587 154
582 151
598 156
595 145
595 131
592 170
600 186
605 190
615 195
617 193
617 192
620 191
625 188
626 177
627 169
630 168
628 162
627 158
625 150
620 145
610 148
612 156
612 161
607 149
614 138
627 138
626 127
620 123
611 127
609 117
599 115
611 108
608 105
605 100
602 96
592 96
588 99
591 103
583 100
581 98
569 95
564 97
563 102
558 109
548 113
546 112
567 87
562 88
556 92
547 90
547 97
545 99
546 90
535 85
530 90
527 96
531 100
532 100
533 111
520 97
516 100
515 103
513 115
515 122
516 122
520 133
530 131
537 133
545 132
544 128
541 126
550 129
561 133
562 126
566 128
572 127
573 114
575 135
579 132
581 131
561 144
559 155
566 160
568 164
562 164
553 166
553 156
542 158
540 163
537 166
533 156
527 162
524 167
520 166
514 164
521 152
513 148
509 150
550 138
537 141
540 143
532 143
507 127
511 100
506 102
499 99
502 93
502 85
500 85
492 82
492 74
482 68
478 76
473 81
472 86
474 87
480 87
485 96
484 98
483 103
488 103
477 118
470 90
469 93
465 93
465 107
455 107
458 115
455 123
443 122
443 125
452 106
465 92
467 83
469 71
488 61
489 55
489 53
485 47
482 41
479 41
468 34
463 38
462 38
456 37
457 49
449 39
448 39
442 42
429 50
423 50
423 62
430 64
436 63
439 63
441 63
448 62
451 65
452 64
448 31
440 26
434 20
427 26
423 32
419 35
413 34
411 32
412 19
415 13
416 3
420 0
423 13
435 19
451 30
451 29
454 27
455 22
454 12
442 7
440 4
459 12
462 6
456 28
470 25
481 35
488 35
487 28
492 29
494 23
490 9
480 13
491 4
502 1
498 35
496 41
505 46
492 50
495 50
496 57
497 61
504 71
528 87
525 86
523 89
531 79
523 75
516 80
514 80
521 69
520 65
526 69
583 88
591 80
612 92
624 94
630 97
613 106
621 108
622 107
627 111
630 110
629 140
636 135
629 150
637 163
642 157
645 149
652 143
650 159
648 164
640 170
641 174
626 191
629 191
639 195
646 197
651 200
658 198
659 195
665 194
671 189
665 184
666 173
666 170
664 166
669 164
666 158
661 156
660 154
678 193
687 189
683 180
685 174
687 168
681 167
696 169
706 174
711 173
713 184
720 189
726 186
734 189
736 181
736 177
729 174
727 176
722 177
726 170
723 164
722 157
713 158
713 148
703 144
705 139
698 138
691 137
682 139
687 150
691 151
674 147
669 140
678 132
677 129
672 126
665 126
657 131
652 130
664 117
660 117
658 117
651 120
644 112
646 108
644 104
648 103
651 100
651 90
642 91
637 87
642 78
636 70
628 75
621 72
616 72
613 79
622 66
643 65
640 54
631 55
624 50
622 46
620 45
615 42
612 48
610 51
599 55
605 64
595 57
591 62
594 52
588 53
584 53
582 54
584 49
584 44
584 43
579 42
576 45
573 53
570 59
566 66
567 74
579 73
579 71
556 77
546 73
539 68
539 64
542 59
536 54
528 45
520 48
518 50
549 61
560 66
566 53
562 57
563 46
557 46
553 44
549 48
543 44
554 36
551 27
543 32
547 22
547 20
544 15
541 20
537 24
533 16
523 14
522 16
515 14
516 21
523 25
525 28
509 24
510 31
511 14
521 8
521 4
536 9
533 1
534 0
542 4
552 2
554 17
557 11
567 14
576 15
583 9
575 5
573 3
566 2
573 0
583 19
573 23
579 28
568 28
565 23
585 38
588 37
593 27
598 15
596 12
604 9
598 0
612 6
613 5
617 1
623 8
626 10
631 9
631 5
632 9
638 17
642 10
651 6
660 5
665 17
663 22
669 29
674 26
676 30
685 34
659 28
657 35
655 27
656 19
627 15
619 17
609 20
609 26
613 29
593 39
595 43
586 43
621 40
634 35
643 37
646 77
656 73
660 66
665 64
665 55
672 57
677 60
682 50
686 49
696 48
700 45
708 37
711 35
712 41
715 39
724 42
712 52
713 56
710 60
716 64
718 73
720 78
724 75
728 71
729 78
719 83
713 88
716 95
712 103
717 104
710 108
714 111
709 119
703 116
697 117
706 107
708 59
687 69
698 71
665 73
667 115
666 114
674 122
675 122
680 122
681 113
686 111
686 106
685 99
688 90
681 90
677 84
671 90
674 95
670 97
673 104
664 96
665 102
677 79
691 89
701 94
690 107
683 128
722 153
743 186
746 183
735 190
731 195
734 204
736 204
734 208
735 212
743 209
747 203
749 199
750 206
754 206
757 211
765 209
770 210
773 214
774 217
781 215
775 223
778 234
784 233
791 229
793 226
792 218
796 210
788 202
781 200
781 196
773 197
789 193
790 183
784 184
786 177
777 172
769 174
769 183
764 170
762 169
757 160
753 159
752 159
749 165
749 170
746 163
737 161
734 160
734 153
746 149
750 146
746 142
748 138
746 133
743 133
741 135
745 130
748 128
757 133
762 135
762 157
764 168
771 166
787 168
791 183
797 183
798 177
796 176
800 177
806 180
807 173
804 171
797 168
793 161
797 158
801 154
812 174
812 169
814 162
816 156
810 151
809 149
807 146
811 145
808 140
816 133
815 127
808 118
800 123
796 124
795 133
792 138
782 134
780 146
777 153
769 146
777 125
778 122
773 117
766 118
765 115
762 117
760 115
756 114
752 114
751 114
746 115
744 114
739 112
733 118
740 104
730 106
749 100
750 100
750 94
757 90
759 83
751 81
743 84
740 86
767 75
777 75
785 73
784 66
778 64
785 58
786 49
783 49
789 42
781 36
774 39
773 42
772 42
771 45
769 35
768 33
761 29
758 32
761 39
757 44
758 50
757 53
757 56
758 57
766 64
750 66
754 45
774 30
773 26
775 22
777 16
772 10
768 12
765 17
761 20
760 21
746 19
736 17
735 21
730 26
737 35
742 35
730 17
726 14
722 16
722 18
715 20
708 17
705 12
698 13
692 11
689 10
684 8
683 9
690 0
702 0
710 11
716 11
719 7
729 3
736 12
770 1
760 2
780 1
791 3
801 7
783 22
790 23
791 22
798 20
801 23
810 21
818 12
819 6
824 18
828 21
836 7
829 33
833 32
837 42
842 40
844 35
854 24
850 20
858 19
853 9
867 15
867 7
848 48
853 47
852 44
856 50
867 44
867 42
874 31
876 27
879 32
880 32
887 32
887 28
883 25
894 23
892 12
892 0
882 5
898 1
904 16
908 12
918 16
923 13
896 28
897 32
899 35
902 33
898 41
900 42
895 48
891 47
888 33
850 53
852 55
849 60
846 69
852 70
843 77
846 84
845 91
849 97
855 103
862 104
861 95
861 92
863 87
859 86
861 78
868 80
868 75
864 69
862 65
863 60
875 79
877 68
880 67
879 55
871 92
879 100
878 101
865 115
870 115
870 114
869 124
874 130
862 124
854 126
850 129
852 134
857 137
858 138
856 147
860 154
848 139
844 140
841 144
842 148
841 151
838 159
833 159
828 158
829 153
841 134
843 100
844 106
829 52
819 46
783 28
798 46
803 40
802 34
811 31
790 75
793 70
799 68
808 75
811 72
812 59
810 56
822 78
824 71
831 66
805 79
808 82
812 88
818 96
825 93
817 100
819 108
829 106
830 102
808 101
807 102
808 106
799 87
797 93
796 101
797 104
790 100
794 91
777 77
778 86
780 89
782 86
773 97
764 111
761 109
759 110
776 113
790 122
822 126
825 131
830 125
822 171
834 173
843 171
848 173
852 167
850 162
859 175
860 176
862 176
863 175
863 185
871 182
872 177
874 168
871 161
865 166
879 162
881 160
883 155
885 153
884 151
887 146
888 140
892 138
896 138
901 136
902 138
889 152
893 153
898 152
902 156
912 154
920 150
929 156
937 149
944 145
938 140
941 137
945 128
939 119
941 113
937 104
930 103
931 108
921 101
916 111
916 119
915 120
910 125
915 136
908 116
901 116
891 121
893 110
910 106
907 101
933 94
941 92
946 92
951 85
947 74
956 88
960 89
961 91
964 90
965 84
965 80
960 81
964 77
960 73
972 76
971 69
980 73
985 78
988 75
991 78
995 79
998 79
1001 72
1006 66
1007 61
1005 61
996 58
996 54
994 52
985 53
987 61
977 60
976 58
968 47
968 45
959 43
951 40
950 52
949 55
940 56
932 57
922 58
918 62
907 78
904 80
916 60
920 55
921 49
915 51
925 41
924 31
922 31
925 29
952 33
951 31
946 30
944 28
940 32
938 33
939 41
959 32
967 25
961 18
966 12
968 6
955 1
952 0
944 5
943 6
946 12
936 7
975 4
988 5
993 14
1004 7
1008 5
1012 5
1012 7
980 16
980 19
970 41
973 36
978 40
993 43
991 36
1007 50
1014 46
1013 41
1012 38
1010 37
1011 31
1018 33
1010 61
1021 64
1021 65
1022 67
1020 78
1017 84
1022 94
1021 96
1022 98
1016 100
1014 109
1022 116
1019 126
1018 129
1017 133
1022 133
1023 134
1008 99
1010 88
1015 77
1013 76
994 85
996 86
994 90
970 87
976 85
981 86
962 96
946 93
948 101
951 103
952 104
947 104
948 130
955 132
954 124
953 138
959 142
962 138
966 135
969 136
974 129
977 120
977 116
974 113
975 104
976 97
981 102
983 131
991 121
975 140
976 144
983 145
987 148
996 149
999 147
1007 144
1002 133
1011 144
1009 152
1015 160
994 160
1003 168
1001 176
1007 181
1014 185
1015 177
1013 175
1021 173
1016 188
1014 199
1013 201
1012 204
1015 210
1016 217
1021 216
1008 218
1001 226
1005 234
1011 229
1000 239
995 239
995 228
988 233
984 233
993 221
1007 212
993 175
992 179
989 178
988 185
987 192
993 193
998 192
1004 190
999 200
983 191
983 174
985 161
976 163
972 164
971 143
953 150
955 153
956 157
959 163
958 168
949 166
946 169
946 176
951 176
959 180
968 178
973 181
943 185
946 188
952 187
940 188
939 192
942 199
941 164
925 163
926 171
932 170
886 156
888 159
884 163
890 172
896 173
901 171
890 179
896 188
898 188
908 185
914 192
914 193
924 197
927 193
928 188
929 186
924 183
926 208
928 216
919 208
910 209
904 211
903 213
905 220
910 223
913 224
918 232
926 235
925 242
933 246
938 248
945 252
952 246
951 239
946 237
940 239
942 233
940 230
937 227
951 232
953 227
952 226
951 216
943 216
963 225
968 215
969 204
970 200
967 199
959 203
954 203
975 206
971 217
966 240
949 260
952 258
953 258
946 262
928 257
930 264
934 265
932 268
932 271
926 274
920 243
908 244
899 240
896 244
891 247
885 251
891 255
893 256
897 265
908 266
906 258
913 270
917 265
914 261
914 281
909 285
913 293
923 290
925 293
932 292
928 298
917 300
909 303
907 307
915 310
912 319
917 322
924 319
930 311
938 316
941 311
947 306
947 297
955 307
959 305
964 305
962 301
970 294
980 298
985 300
988 293
986 290
986 287
991 275
993 276
1000 272
1001 270
1002 266
995 264
989 258
986 259
985 265
978 274
971 277
963 270
960 272
964 267
981 256
979 252
976 262
987 252
1000 256
998 252
1007 266
1007 269
1015 269
1020 261
1006 275
1009 275
1010 280
1021 288
984 309
991 313
992 314
996 315
1003 309
1011 308
1012 307
1011 302
979 311
966 316
972 324
981 324
980 330
983 330
988 336
984 341
983 343
983 353
986 359
994 355
996 360
1002 356
1007 354
1011 356
1017 348
1017 347
1018 339
1014 332
1006 335
1007 342
1004 330
1015 324
1013 321
1023 332
999 366
1004 364
1008 364
1019 370
984 362
984 372
987 373
973 366
967 369
967 381
965 385
965 388
969 394
974 389
981 388
983 387
982 395
984 397
973 401
975 406
983 412
981 417
991 422
995 421
1003 420
1003 417
1002 409
997 398
1013 404
1015 401
1016 398
1022 388
1010 381
1008 380
1021 404
1023 405
1017 414
1005 429
1010 428
1017 431
1018 431
1023 427
972 423
979 431
984 439
994 435
980 448
969 445
958 443
956 454
969 460
954 461
962 419
956 419
955 426
958 428
959 426
952 432
948 420
946 419
931 415
931 408
966 413
961 394
961 401
961 380
965 367
961 367
952 364
953 357
947 353
969 359
981 343
970 342
970 337
961 335
955 342
952 330
922 327
918 329
905 333
901 338
902 330
898 322
891 327
887 324
884 330
883 338
883 347
891 351
892 344
891 359
876 353
871 361
868 359
862 371
868 375
876 377
867 383
872 389
885 388
886 388
885 392
858 380
876 335
874 334
873 337
871 328
864 325
862 333
859 332
856 338
862 321
863 313
858 312
849 321
836 323
836 325
835 321
855 309
860 302
859 291
856 290
846 298
841 300
836 298
835 302
829 305
836 297
834 297
840 288
856 289
853 282
855 273
845 273
843 263
860 287
862 282
882 323
877 313
875 303
929 326
931 330
935 337
936 346
929 354
935 361
934 364
939 374
944 384
939 389
945 391
915 349
898 287
893 292
888 294
893 270
887 268
877 272
876 268
870 268
897 273
880 256
881 258
883 247
883 244
877 236
872 237
872 244
870 247
882 225
874 220
874 219
886 221
908 228
903 202
891 194
887 193
874 187
857 188
840 181
842 183
835 193
807 184
811 181
802 204
806 206
815 203
822 202
822 196
820 188
817 212
818 217
815 224
820 231
824 227
832 225
827 233
829 234
834 238
837 246
843 246
851 242
851 241
857 235
858 229
855 224
859 215
849 211
845 209
844 212
837 210
835 214
846 207
860 203
860 201
869 206
871 205
858 252
857 254
861 257
829 241
828 242
826 241
802 198
797 231
804 232
805 230
807 236
799 241
803 246
805 251
813 258
816 259
820 251
818 262
828 265
819 271
807 262
806 266
795 271
800 279
793 269
785 268
785 279
782 283
776 287
776 303
769 284
761 294
756 303
754 309
749 310
745 309
743 317
739 320
728 325
729 336
729 337
725 338
754 291
762 278
757 272
755 271
764 270
770 268
771 263
766 253
760 258
784 268
797 249
792 251
789 247
794 242
743 217
731 221
736 229
739 233
723 215
715 221
711 219
707 224
703 233
708 236
714 235
720 244
724 252
732 248
734 245
739 250
747 250
751 249
749 245
754 244
758 234
765 236
769 241
748 260
742 267
739 267
720 260
718 264
717 265
712 276
722 281
724 284
730 283
735 283
734 291
727 300
730 303
731 305
724 311
715 302
714 298
701 298
696 299
697 310
703 312
706 312
685 313
681 317
679 329
672 327
668 336
674 338
675 342
685 344
691 348
695 341
700 336
701 328
700 325
709 325
711 333
711 342
691 358
685 357
668 342
667 336
662 336
654 334
644 335
662 326
680 316
685 296
712 256
707 248
701 253
702 257
693 249
692 252
687 245
685 242
678 246
679 252
684 259
678 263
684 271
686 271
692 272
697 272
681 276
673 270
686 230
695 243
694 241
727 262
727 263
695 218
709 217
714 197
719 200
716 205
715 205
705 205
704 205
704 201
693 179
694 195
690 198
688 201
692 202
691 205
677 201
676 212
681 217
672 223
661 224
656 227
654 236
650 243
657 246
656 249
646 254
654 264
655 267
655 269
642 252
639 252
643 239
643 237
635 232
632 227
647 229
647 207
639 205
634 208
635 216
584 200
591 206
596 203
598 203
588 218
594 218
604 217
604 220
613 222
615 229
618 228
608 239
610 245
609 250
620 253
624 245
621 262
630 262
637 267
616 270
609 276
613 282
625 281
608 276
602 283
602 287
602 288
601 294
608 297
612 295
599 305
601 311
604 311
595 291
590 293
581 292
579 294
577 290
576 290
587 283
602 273
607 260
600 260
598 259
597 258
585 266
598 253
596 245
594 245
589 249
592 239
597 235
591 231
585 233
572 196
575 207
548 187
548 190
550 197
550 204
553 213
560 219
561 226
570 229
572 219
570 237
570 243
572 244
577 244
577 245
575 249
571 252
566 244
559 248
560 252
555 258
550 259
552 254
557 231
555 232
550 230
547 226
543 229
545 236
537 243
532 246
534 226
531 220
515 220
546 215
544 217
536 195
526 199
512 199
513 201
484 212
489 218
466 231
468 225
465 223
465 219
470 220
471 219
472 221
459 254
469 254
446 255
447 256
443 266
421 253
428 258
424 265
423 267
422 274
427 273
414 277
419 282
425 282
430 285
433 288
436 287
438 278
428 290
430 294
424 300
425 305
432 315
437 318
444 314
441 310
439 303
431 323
418 308
415 310
413 312
408 319
403 322
405 325
404 329
406 331
414 336
416 336
418 338
426 340
427 349
411 345
413 352
404 352
403 362
405 370
409 371
413 364
418 362
421 359
419 370
422 370
424 371
418 376
418 380
426 379
433 380
434 380
439 380
448 380
457 379
462 374
455 371
455 366
451 367
446 363
445 362
447 361
448 355
447 351
445 348
438 347
439 343
455 348
459 341
454 335
459 332
467 328
474 327
474 319
480 319
480 311
472 303
466 304
467 307
472 294
472 293
468 287
459 287
454 287
451 296
457 298
460 276
456 276
463 270
463 267
466 268
475 284
477 278
476 274
478 268
483 267
484 258
490 252
484 242
481 243
478 238
498 247
504 238
495 231
492 232
507 237
483 280
493 277
495 272
501 268
504 268
509 269
510 265
506 261
503 261
509 258
518 255
521 253
520 258
521 266
529 264
534 264
530 268
538 274
532 283
531 284
532 285
537 293
538 295
539 296
542 296
546 287
548 287
558 286
565 282
566 275
558 276
547 305
547 309
543 316
533 322
530 297
530 299
530 302
535 306
525 299
516 299
511 307
509 310
517 294
521 271
509 277
505 285
509 286
486 287
486 292
475 332
477 336
480 339
489 337
492 334
489 331
497 329
494 338
500 340
502 340
504 337
511 335
508 330
505 324
500 320
494 321
499 317
515 330
510 347
503 354
503 357
493 359
498 366
493 372
491 371
490 368
481 371
483 379
476 372
471 383
466 392
472 397
476 401
483 401
491 405
497 403
505 402
502 393
500 389
509 390
508 406
512 411
516 404
516 399
521 396
524 390
518 386
528 389
528 379
520 370
524 367
523 360
523 351
530 359
535 351
546 355
553 358
558 354
555 347
556 337
554 337
546 338
543 333
562 337
571 335
570 330
568 321
565 314
572 305
580 311
586 307
582 314
578 332
583 338
578 345
583 348
591 345
579 355
586 362
587 362
597 363
602 359
605 363
606 363
607 360
617 358
612 350
625 351
623 345
621 343
619 335
612 332
610 334
607 334
605 329
606 327
615 328
624 330
630 324
625 317
631 325
638 322
643 313
642 310
647 308
650 307
658 300
650 295
644 294
642 292
638 293
636 293
627 299
622 305
638 290
646 289
656 284
667 296
671 293
671 291
664 308
649 321
635 355
626 365
626 367
629 370
631 367
630 378
639 376
641 383
647 381
649 380
647 376
644 368
652 373
655 380
638 389
645 389
630 382
580 369
590 373
596 376
598 383
602 393
596 402
596 413
596 423
607 421
607 419
609 419
615 415
612 409
616 405
615 401
609 403
627 406
596 426
599 429
591 430
590 433
594 440
597 445
598 446
607 444
612 441
613 439
617 435
620 438
626 435
623 427
627 422
626 420
641 417
647 407
647 406
651 409
659 398
664 400
671 391
653 415
665 416
676 412
677 413
685 416
686 416
627 440
631 446
630 450
639 453
641 451
642 445
648 449
652 439
650 434
647 434
656 433
658 442
661 440
661 445
638 460
640 465
642 474
649 470
653 469
658 468
654 460
665 475
660 486
655 484
633 462
627 469
630 472
626 476
625 482
634 485
631 490
632 493
631 495
634 496
643 496
630 505
628 513
622 522
617 521
616 527
619 536
626 538
630 533
628 546
632 549
638 547
643 545
644 540
647 539
649 535
649 526
653 523
652 511
652 509
650 550
633 554
634 564
640 571
642 569
647 566
654 566
653 561
662 565
664 565
669 561
675 552
664 551
664 546
661 546
671 536
665 532
682 550
680 546
684 539
692 537
689 529
684 529
681 522
678 524
675 522
676 516
672 513
682 519
688 513
686 511
682 506
677 502
675 495
684 501
685 495
693 499
702 503
705 509
717 506
721 502
718 499
714 499
723 502
705 513
715 519
695 514
696 529
698 538
705 538
711 536
709 533
707 528
718 533
723 529
730 531
735 531
735 529
735 539
723 538
716 549
718 551
726 558
699 546
702 548
650 572
647 576
646 576
643 578
647 583
649 588
648 598
651 603
653 613
658 613
666 612
663 602
669 599
673 595
672 589
661 586
662 579
678 580
673 574
683 585
691 586
690 579
688 577
689 572
687 568
686 567
682 563
692 559
691 577
697 574
702 567
705 567
708 563
699 586
698 593
698 595
698 599
701 598
703 595
707 588
714 589
716 596
725 603
712 604
712 609
709 611
703 609
705 606
694 607
690 611
694 616
697 617
699 623
690 623
684 620
677 628
687 635
676 629
673 643
668 645
671 649
666 645
679 616
687 605
658 621
636 576
629 577
626 583
624 584
627 593
635 592
636 600
638 612
632 621
632 631
638 634
626 599
611 524
606 518
595 518
594 526
593 527
594 530
591 527
584 531
577 526
573 530
567 535
567 540
576 540
580 545
572 551
572 557
579 556
585 554
594 550
594 544
600 547
601 542
596 554
605 555
616 557
615 561
618 562
600 564
603 566
592 565
592 574
589 575
592 583
599 581
594 593
597 592
607 592
612 582
610 576
614 601
606 608
602 611
603 617
607 616
606 624
612 632
595 620
594 625
600 631
592 620
597 607
580 582
575 586
571 578
569 564
567 524
556 520
555 531
552 542
544 542
547 549
552 518
553 516
579 523
588 516
602 509
600 502
597 498
598 492
596 485
588 490
581 483
575 489
574 490
567 493
564 493
563 500
564 502
569 504
580 501
581 501
574 511
576 512
562 508
559 502
547 505
543 503
542 497
536 497
529 504
532 512
537 511
537 519
535 525
527 515
526 517
519 519
518 521
520 527
517 528
510 517
503 515
510 506
529 494
527 487
522 491
517 494
506 491
504 485
498 486
497 493
494 499
493 502
493 507
493 487
487 489
484 498
483 482
477 488
476 490
469 481
457 480
472 476
473 471
469 465
463 457
478 462
480 460
487 453
488 451
483 441
475 440
483 430
480 428
491 449
495 447
499 448
501 446
498 443
496 442
492 453
489 463
498 461
488 480
502 477
504 471
510 477
511 477
532 484
543 494
558 498
564 484
562 484
582 480
575 474
569 471
557 469
549 464
548 464
543 467
546 476
570 464
571 464
577 472
586 479
595 475
599 473
603 488
606 499
607 496
610 507
621 490
620 490
621 500
616 476
617 470
613 461
607 457
605 463
595 458
619 459
611 447
620 449
578 433
573 439
574 445
567 444
569 437
563 430
557 433
552 431
547 431
548 442
549 451
556 453
542 442
582 421
576 415
570 412
567 413
561 417
591 398
588 405
576 380
576 385
572 387
572 388
579 394
578 328
585 326
589 325
594 329
560 354
567 356
560 363
537 388
541 383
528 392
534 401
535 402
536 401
543 402
554 396
553 389
556 389
561 396
544 410
532 408
520 407
513 422
518 424
522 425
530 419
534 426
522 428
516 431
522 436
524 445
517 448
520 452
525 459
528 465
527 470
523 473
511 435
503 429
487 415
492 421
493 421
467 406
460 415
465 425
452 418
449 418
446 428
452 429
438 429
435 430
436 432
433 433
435 421
445 415
500 351
490 342
473 343
474 347
474 348
469 351
470 355
476 357
479 356
480 354
481 356
462 342
460 353
456 361
463 373
466 367
440 386
435 388
427 385
427 390
429 395
435 398
437 396
441 396
446 401
439 403
431 406
426 406
418 416
411 421
413 423
409 433
403 431
393 425
425 391
396 359
393 357
392 351
384 355
406 343
392 331
392 337
400 317
392 316
395 307
412 280
412 288
415 292
406 291
405 292
396 296
420 266
407 256
412 261
387 256
392 263
390 271
391 276
398 276
400 270
401 269
400 283
394 284
388 279
385 282
380 286
384 295
373 301
366 306
366 311
376 312
365 320
373 327
363 332
359 342
357 345
361 351
370 348
377 340
372 288
386 255
382 258
379 266
384 251
382 250
376 237
381 237
363 234
365 227
368 252
367 265
371 276
372 276
328 274
333 278
336 287
347 287
318 308
320 300
329 306
331 308
335 314
339 311
344 312
348 313
352 304
347 301
343 302
336 320
339 322
336 324
337 325
347 331
329 327
330 318
328 318
315 330
320 353
326 360
335 362
337 358
337 355
332 348
332 345
342 368
352 367
355 370
360 364
373 367
375 376
370 379
369 381
367 381
350 375
345 384
349 388
342 385
338 392
340 397
343 404
338 414
333 393
330 399
324 410
317 413
322 365
307 361
305 368
310 369
308 377
305 380
310 386
311 387
318 387
319 384
321 384
324 383
328 381
330 375
322 386
309 387
302 361
277 367
280 369
287 376
290 383
284 388
283 390
284 392
288 395
293 399
298 411
302 411
302 414
299 425
300 432
304 433
302 439
292 430
292 437
290 448
290 456
291 460
297 467
282 445
276 446
276 444
279 433
287 423
285 423
279 421
285 401
276 400
285 408
282 383
269 366
269 369
273 375
266 380
269 386
259 375
255 373
254 369
255 361
262 355
233 367
237 367
241 371
235 378
235 391
250 400
253 388
251 386
260 435
264 438
253 443
234 454
220 462
204 472
200 490
206 488
207 487
213 496
218 490
220 482
211 511
218 510
220 512
215 528
246 497
251 488
252 486
246 480
249 472
248 467
242 465
236 467
239 473
232 480
251 466
253 459
258 480
254 488
242 501
234 503
232 493
278 490
281 488
285 480
279 473
269 470
271 480
297 515
319 516
325 512
327 514
340 522
342 514
336 513
341 508
336 504
325 500
317 494
312 487
307 488
305 486
296 486
307 485
326 490
323 484
324 473
316 472
314 475
315 469
320 463
321 453
325 450
322 444
317 447
315 447
316 439
330 450
333 443
344 440
348 431
340 426
355 435
359 427
356 424
361 421
367 414
362 411
371 414
372 408
372 402
367 396
363 396
376 420
382 416
381 408
385 402
383 394
390 401
396 397
395 395
392 390
387 385
401 398
402 396
402 393
401 387
410 392
392 406
355 444
354 452
359 460
354 467
353 480
352 467
330 472
331 475
333 474
337 467
341 525
345 523
351 525
344 530
331 559
346 549
351 541
352 537
359 533
367 536
358 550
367 550
372 547
380 540
383 534
381 530
381 527
374 527
365 523
365 518
360 515
353 507
353 504
356 497
349 497
345 498
339 493
359 495
362 491
367 487
367 476
371 476
380 475
382 477
388 470
383 466
377 464
395 470
396 467
396 459
390 457
393 446
380 442
372 435
394 444
401 447
410 447
410 449
397 474
402 471
404 474
408 471
405 476
409 477
409 486
411 489
418 483
422 476
427 474
428 469
424 464
417 464
416 466
425 463
425 461
427 453
432 463
436 460
435 458
434 475
443 473
449 465
448 453
440 483
444 485
445 485
449 498
412 493
405 489
404 497
406 499
410 505
410 508
400 502
395 499
393 493
389 494
387 488
393 492
395 484
368 499
373 500
376 503
381 507
388 510
389 528
392 526
395 535
397 543
405 541
412 537
407 532
409 524
404 524
405 521
417 538
407 544
405 549
410 553
417 555
419 553
415 559
420 561
424 557
418 569
407 566
384 547
385 551
388 567
397 562
386 564
391 580
392 577
434 566
440 555
438 547
427 545
430 539
441 536
441 528
433 522
428 514
434 512
436 509
434 505
451 542
450 546
479 573
478 571
483 564
482 560
479 556
469 556
465 559
460 560
459 559
462 549
467 541
459 533
466 526
456 522
453 518
458 512
465 507
465 506
462 493
470 519
473 527
480 549
480 543
484 540
482 534
493 540
498 528
489 523
492 562
493 559
498 574
526 553
517 550
513 548
510 544
507 541
527 543
524 542
549 593
556 589
557 590
556 610
561 610
567 609
571 605
572 604
570 601
573 609
554 617
558 627
564 626
568 623
567 620
567 629
572 634
581 630
571 635
568 638
557 629
546 643
549 650
558 655
566 653
566 651
569 656
577 659
581 659
568 657
568 665
559 667
542 645
521 674
503 673
511 681
512 698
514 698
520 698
539 725
535 715
548 720
547 720
547 703
547 709
557 684
551 679
545 675
542 680
535 681
533 684
535 694
529 685
533 680
541 670
540 668
537 663
566 679
570 678
602 677
606 671
597 668
608 664
605 662
611 663
610 660
612 656
611 653
603 649
594 655
614 661
616 663
618 675
631 671
632 664
636 662
636 650
646 649
647 646
647 657
651 657
650 662
656 661
666 665
672 666
672 670
641 673
649 677
665 682
664 681
676 687
679 681
708 691
699 685
695 680
706 679
710 670
704 666
700 655
691 657
687 661
704 654
709 653
709 646
706 646
697 645
701 636
717 655
715 659
717 677
726 676
728 677
710 690
717 700
720 694
734 698
730 688
756 708
753 703
761 677
764 682
764 683
760 686
754 690
745 690
744 691
745 694
745 687
754 682
753 676
753 675
753 665
750 666
757 649
752 649
751 649
748 650
742 626
737 633
737 634
741 635
737 640
735 621
729 627
724 634
725 641
726 642
733 591
749 587
747 585
750 583
757 583
758 581
761 576
757 575
753 575
751 571
746 563
737 573
730 572
719 571
740 552
759 570
769 579
762 592
777 595
778 588
806 549
779 546
767 548
765 551
762 555
757 533
754 532
754 529
759 540
799 483
795 473
786 478
778 486
782 473
775 466
771 460
773 450
766 447
758 442
751 441
748 440
743 443
742 447
748 448
752 457
752 460
755 459
746 460
746 464
751 467
755 468
758 472
766 475
761 481
759 487
766 489
767 490
764 497
765 506
761 508
760 516
762 496
757 495
752 482
746 488
747 490
748 496
745 498
751 504
746 509
739 504
741 484
736 492
733 480
726 477
716 474
713 464
708 457
700 460
694 463
691 470
686 474
684 472
683 473
677 470
677 465
673 461
679 457
682 446
679 440
692 439
690 460
749 470
741 471
732 465
735 457
729 448
718 446
711 443
736 435
727 432
725 436
719 426
715 424
712 431
704 430
703 422
720 423
720 421
719 417
723 409
724 404
719 401
718 405
717 390
713 391
711 387
711 385
707 380
704 376
696 382
698 391
697 372
690 372
686 374
682 377
685 384
688 392
680 378
678 377
674 373
672 373
666 364
666 360
666 359
658 356
655 354
652 352
650 356
657 350
680 369
704 361
711 357
712 378
712 376
726 383
727 378
728 371
732 370
732 368
734 367
731 360
721 423
725 420
732 422
738 422
737 417
740 422
778 441
779 435
773 435
766 426
761 425
757 418
757 416
756 406
756 400
752 401
749 402
757 390
753 388
753 383
747 382
739 385
760 376
767 377
767 375
779 370
788 364
795 362
795 357
793 370
797 376
803 376
801 369
807 365
811 357
814 353
810 348
800 344
799 347
797 333
813 344
820 341
816 333
811 331
810 327
813 326
809 317
815 309
806 302
802 298
794 306
790 314
782 321
781 334
781 337
777 339
781 350
777 356
768 357
764 360
769 340
763 337
760 342
753 342
751 348
745 349
748 360
747 363
751 363
749 342
743 338
755 337
757 329
754 325
773 322
793 305
807 296
808 296
813 291
816 289
823 284
822 343
828 344
840 340
842 344
840 356
821 356
820 366
831 366
820 368
823 352
802 380
793 384
781 392
784 399
775 393
771 407
765 381
787 448
804 465
810 464
814 458
808 454
807 446
802 440
801 438
808 430
813 437
802 463
791 460
816 478
816 475
821 470
819 479
845 479
840 477
836 471
838 466
836 463
840 459
847 462
848 452
844 446
850 464
859 477
862 474
861 467
860 458
864 448
864 441
869 449
877 443
876 438
880 435
881 430
879 428
875 426
863 426
861 428
857 431
851 433
856 422
852 416
851 413
840 417
835 417
836 426
831 426
831 437
829 443
826 415
835 412
830 406
829 403
820 396
814 406
813 412
813 414
806 404
802 411
799 416
789 413
800 402
806 398
821 388
839 400
838 396
848 393
841 386
844 373
857 395
859 414
862 412
885 429
891 432
894 425
886 418
883 416
888 412
880 407
897 420
905 408
903 402
906 396
908 389
907 388
905 388
902 380
911 383
917 382
921 371
913 370
902 437
912 436
914 430
909 426
920 439
923 431
935 444
934 448
901 447
871 452
876 457
883 458
884 457
892 458
896 460
895 464
873 464
903 487
905 483
910 483
913 483
912 472
914 483
922 479
928 473
934 476
936 465
945 470
950 476
954 474
950 478
956 483
959 487
960 489
962 494
975 495
981 484
979 481
981 479
984 476
982 471
989 463
953 500
943 505
944 507
944 509
940 502
956 489
946 482
945 486
932 484
927 488
928 497
923 500
916 514
926 518
935 520
940 520
926 544
930 551
942 552
946 553
951 547
947 541
953 533
949 529
957 523
964 513
960 525
967 527
973 528
975 528
977 521
976 516
976 508
979 508
983 527
986 522
992 519
998 516
998 508
997 501
992 502
989 506
1000 500
998 496
996 488
1002 488
1000 482
1006 512
1007 511
1010 510
1008 517
1009 521
1015 519
1021 516
1019 507
1017 493
1021 485
1021 483
1022 483
1022 471
1020 470
1019 470
1019 465
1012 464
1011 472
1007 456
1000 449
1019 460
1019 453
1006 528
1006 531
1015 533
1017 543
1009 551
1014 562
1023 561
1008 568
1014 574
1021 576
1013 576
1010 587
1020 593
1020 596
1019 596
1015 600
1008 603
1011 607
1017 609
1018 608
1023 607
1010 612
1005 607
1005 611
1002 617
1008 624
1014 625
1003 551
975 537
982 543
987 542
990 538
991 535
989 549
988 553
990 562
986 568
967 530
966 535
958 551
924 543
911 548
930 570
932 568
929 564
933 570
941 566
953 592
960 587
959 582
952 577
957 568
962 566
970 565
970 561
973 568
972 582
963 596
967 594
972 599
974 598
964 606
960 622
968 622
973 614
981 608
987 605
991 598
986 593
984 590
991 586
985 614
981 622
978 623
979 626
959 625
958 634
965 633
974 638
975 644
975 654
985 651
996 649
997 639
1002 653
1004 648
1001 656
999 657
994 661
965 657
965 660
958 662
963 672
964 674
964 675
965 681
970 683
974 676
974 670
983 665
990 676
989 677
971 688
976 688
983 692
987 697
992 694
999 697
1003 689
1010 682
1015 676
1009 672
1014 660
1017 651
1017 641
1020 640
1020 639
1020 698
996 702
999 708
993 713
994 720
998 720
999 726
1007 729
1011 730
1019 730
1009 736
1017 742
1018 749
996 727
993 734
992 745
998 746
997 754
1004 756
1013 761
1017 767
1007 766
1008 769
1014 779
1011 782
1011 792
1015 794
1007 796
1009 806
998 809
999 819
990 804
988 805
988 810
979 813
980 820
987 825
994 832
992 835
996 838
1004 838
1002 831
1009 827
1010 825
1017 819
1019 829
1018 836
1019 839
1017 841
1019 846
1023 844
1013 852
1010 853
1009 862
1020 863
1006 862
1005 872
1005 877
1008 884
1018 882
1002 892
1000 893
1003 898
1008 896
1015 897
1019 895
1021 896
1015 900
998 895
998 892
991 887
983 896
973 898
970 902
968 891
967 886
967 876
965 873
960 873
958 880
945 871
974 872
973 868
979 873
975 878
993 882
997 862
996 862
987 864
1009 849
1016 839
1015 837
1014 836
994 844
986 844
982 840
979 801
972 800
966 810
964 813
966 823
959 810
956 814
975 791
1003 781
995 764
990 753
988 744
983 733
972 736
969 742
968 746
971 747
972 748
963 752
962 757
959 763
962 770
971 772
977 769
979 763
980 761
973 758
977 779
959 776
959 779
959 780
961 780
952 767
945 771
940 777
947 780
944 784
943 790
942 791
941 799
948 798
939 805
935 810
940 815
942 816
944 820
940 821
939 826
938 832
946 835
953 836
946 847
954 852
956 851
943 853
939 854
937 833
926 818
917 824
915 826
916 829
916 838
910 837
909 845
916 850
919 858
911 869
908 869
909 872
916 876
928 871
913 881
912 886
910 888
907 896
905 876
905 862
894 868
889 869
885 878
882 885
889 887
879 866
876 863
902 841
893 839
899 831
900 828
898 827
904 821
903 817
898 811
895 804
888 810
897 797
907 813
906 810
912 811
915 808
910 800
922 807
922 801
920 799
926 797
914 825
938 786
938 765
932 763
923 763
935 752
929 741
926 737
924 739
929 735
931 731
928 728
932 730
935 731
943 731
948 734
949 736
946 743
955 757
990 725
982 723
978 721
977 720
973 718
964 720
959 720
961 712
961 701
958 700
955 702
976 713
974 707
989 713
989 706
986 714
948 665
948 674
943 661
956 649
947 648
930 654
880 682
880 691
873 700
858 672
857 670
834 657
833 663
830 670
837 670
849 700
854 690
845 688
853 713
857 732
859 727
860 726
863 730
865 734
874 729
880 724
882 724
884 713
878 712
894 706
895 700
901 696
908 695
919 692
925 695
937 692
937 688
936 687
939 687
938 684
935 680
938 699
904 701
915 706
917 711
928 710
932 714
943 718
887 724
890 727
896 721
903 716
909 724
904 735
904 736
884 728
878 736
887 741
881 750
877 750
875 755
860 752
860 750
861 750
863 749
830 766
819 768
816 780
814 782
818 786
822 785
832 782
836 779
844 781
847 778
851 776
849 780
855 785
845 788
851 793
859 797
860 795
860 801
864 801
870 793
869 788
877 786
871 776
871 773
864 766
883 771
886 772
887 777
894 775
893 767
895 764
900 759
902 751
902 768
903 768
904 772
909 775
910 776
912 777
908 786
849 798
837 793
833 799
835 804
836 808
838 808
843 820
849 817
861 820
862 827
869 826
873 821
872 813
855 839
847 845
829 810
818 788
813 796
803 801
799 810
794 820
798 823
794 826
798 837
800 847
803 846
804 847
808 844
808 841
815 834
811 828
818 822
819 821
821 832
829 836
811 846
812 847
809 848
802 851
800 856
800 863
795 870
790 869
785 872
781 872
778 877
787 883
792 886
796 882
799 885
801 883
805 884
808 880
806 877
807 873
810 889
819 890
822 881
821 877
820 876
824 868
837 867
845 870
849 871
853 865
853 874
856 877
859 875
857 883
854 887
847 877
831 885
824 899
825 902
833 909
831 911
839 920
835 924
835 928
840 936
838 941
844 941
845 948
839 954
841 964
834 972
840 975
850 975
853 976
860 978
864 971
869 966
861 961
856 964
853 960
862 954
862 953
873 960
876 952
871 950
876 946
882 945
885 942
881 932
879 929
883 927
883 921
878 923
873 924
871 929
867 934
864 927
859 931
856 935
857 939
862 923
861 918
857 920
856 921
853 924
849 925
853 916
854 905
858 902
877 919
891 918
885 910
878 900
895 912
900 918
907 913
916 916
920 906
925 897
929 895
929 891
932 890
937 888
937 903
949 905
949 900
950 898
952 894
950 913
956 924
965 929
969 923
973 915
981 909
984 909
994 911
1000 914
1001 914
1003 916
1003 927
1000 929
1000 936
1000 939
1002 942
1006 944
1013 935
1017 929
1022 927
1022 926
1023 923
1022 913
1015 916
1010 947
1011 948
1014 948
1022 947
1021 955
1012 951
1012 954
1015 961
1018 968
1022 967
1016 972
1008 971
1004 976
1001 981
995 981
990 982
989 981
983 985
987 993
993 995
997 996
1000 991
1006 1000
1013 1001
1013 997
1013 992
1010 989
1014 985
1019 995
1022 1002
1017 1008
1020 1014
1004 1004
999 1009
995 1011
995 1022
986 1022
981 1019
971 1020
966 1011
960 1018
957 1019
955 1016
953 1015
951 1013
947 1016
946 1021
940 1020
951 1012
945 1010
965 1010
983 1010
982 1009
979 1008
985 995
984 995
973 996
966 996
966 997
965 990
956 991
952 996
942 995
934 993
932 995
935 1000
926 994
941 987
940 979
944 973
933 966
931 961
941 954
944 952
949 972
950 971
950 967
954 966
956 963
954 961
958 959
961 960
962 955
968 949
974 939
967 958
974 956
966 968
956 968
957 976
947 986
976 979
974 983
985 975
982 972
981 965
985 963
1001 969
997 939
990 933
984 915
975 926
950 935
948 936
940 919
933 918
935 925
900 921
887 928
888 943
884 951
884 952
889 955
893 953
897 953
901 952
909 947
895 957
892 959
881 957
872 975
874 980
874 981
882 983
871 984
868 986
872 990
874 995
871 1002
878 1002
884 1000
892 997
897 993
891 986
902 985
900 983
900 975
898 975
907 976
910 967
916 965
916 959
920 949
920 938
922 927
906 985
908 986
888 1005
891 1008
898 1005
904 1006
910 1002
907 1013
912 1014
913 1009
918 1011
923 1008
919 1013
904 1019
909 1022
914 1021
903 1023
890 1023
891 1010
870 1011
864 1016
865 999
864 1000
856 998
851 1005
845 1011
838 1019
825 1020
822 1015
816 1019
863 989
852 979
831 979
829 962
825 958
833 946
830 928
828 927
821 906
814 907
809 890
785 891
786 896
785 903
778 905
767 911
768 920
774 925
776 920
767 928
760 921
759 921
757 926
758 937
766 943
776 951
751 942
756 948
745 935
739 945
741 955
742 955
739 956
746 931
762 907
763 902
774 881
775 884
773 888
770 891
771 884
768 882
780 869
788 852
783 855
787 829
776 827
774 832
773 832
772 838
770 828
764 830
769 819
769 809
764 805
763 796
761 787
773 781
787 814
781 814
781 813
785 806
782 801
779 767
787 770
792 769
796 773
802 770
795 783
795 784
750 802
750 803
750 804
745 809
745 817
736 820
731 807
721 817
721 828
716 829
698 821
699 825
705 819
680 821
669 840
674 838
681 833
680 843
670 848
667 857
652 885
653 882
663 877
670 875
680 879
682 877
684 873
683 866
690 860
681 889
688 897
683 914
691 912
693 912
696 913
702 911
703 903
714 908
721 904
728 895
731 886
729 874
724 871
722 870
713 880
715 888
727 859
728 853
722 853
719 851
717 855
707 852
702 855
703 843
697 842
695 842
720 845
737 857
743 860
751 851
756 846
749 842
758 850
742 867
749 865
756 876
764 865
732 899
736 895
747 903
747 914
725 908
732 912
733 921
682 917
