10000
682 917
749 310
59 60
170 205
506 491
629 839
961 394
706 988
228 916
427 829
171 735
500 967
375 103
156 676
493 421
253 152
315 1002
462 374
39 633
580 545
100 185
360 37
579 42
1 807
958 428
613 106
139 89
49 514
192 205
166 686
626 420
838 941
398 276
292 437
909 872
982 1009
33 319
22 613
361 24
396 296
452 1009
402 592
75 451
82 267
656 249
953 258
669 767
176 43
20 468
481 929
316 439
915 349
758 937
962 96
961 335
392 390
320 794
982 395
221 40
663 877
289 592
111 958
336 287
1002 356
755 459
261 47
898 152
397 633
66 335
729 3
670 97
393 991
891 351
362 88
392 1
965 681
594 52
616 930
340 594
262 71
29 523
119 927
676 516
536 742
851 241
745 498
338 115
465 205
466 827
293 858
829 234
516 399
287 108
305 627
702 567
698 731
66 817
634 742
309 147
460 137
388 182
635 727
297 76
932 763
903 202
598 708
436 90
83 723
198 388
326 900
955 1
607 1022
818 217
740 104
364 177
241 753
359 876
456 656
952 364
395 831
566 993
516 1003
59 599
702 257
988 5
133 919
6 740
917 824
958 634
928 298
811 145
27 146
1021 483
802 949
848 173
757 390
143 249
369 202
848 48
460 812
53 593
708 59
310 601
883 244
211 788
542 1022
933 570
144 931
29 946
856 877
96 589
244 239
838 613
441 663
661 901
451 714
471 135
773 781
737 633
1 948
397 543
947 306
89 67
213 119
1014 46
996 86
635 216
325 450
830 766
89 467
644 540
158 91
676 931
872 389
540 873
313 937
392 236
220 482
304 433
601 294
479 573
380 91
790 705
541 596
447 630
39 67
146 197
158 822
105 6
187 645
879 501
559 248
737 779
730 17
188 307
311 668
880 691
759 646
372 276
218 820
906 258
887 28
455 22
851 560
28 14
182 908
515 741
132 229
496 862
246 684
145 558
328 1
225 63
648 598
339 866
394 221
100 257
250 556
279 77
92 308
91 274
192 607
1015 324
836 487
162 58
148 307
616 476
308 842
540 956
416 879
799 810
77 899
43 327
431 323
404 524
631 495
798 823
78 790
123 914
253 285
973 401
592 565
878 900
383 394
833 799
249 608
585 326
483 629
653 915
952 33
415 559
529 189
358 607
979 481
498 209
766 447
610 334
1012 464
210 372
858 19
147 84
627 733
410 87
338 40
1002 266
73 393
825 602
582 159
186 538
640 684
747 382
107 333
716 95
798 926
467 632
946 615
716 549
324 103
636 662
143 614
928 216
1007 729
819 566
888 1005
80 504
665 827
886 772
136 578
867 934
480 311
543 402
926 235
952 226
338 564
888 481
155 792
698 138
497 493
704 361
474 784
865 115
587 727
887 724
281 730
634 761
17 153
140 943
389 68
145 727
632 9
185 787
801 883
926 274
352 606
635 826
367 476
941 954
179 804
654 460
510 265
198 528
418 338
447 807
406 593
511 14
602 696
802 380
555 704
654 907
286 266
709 653
742 626
584 922
406 214
358 916
479 556
420 898
894 868
681 276
437 168
291 15
864 69
395 395
773 26
278 35
292 987
689 10
589 249
932 995
463 267
888 943
823 284
817 694
128 474
970 565
643 237
581 483
306 976
879 55
1002 133
91 270
97 780
281 686
5 189
658 468
456 522
387 256
806 180
950 935
655 896
476 274
110 33
757 416
1010 612
472 988
746 563
235 843
319 516
505 324
705 139
792 138
661 156
394 444
336 320
355 991
192 831
241 302
865 999
719 851
587 167
815 309
730 26
128 25
542 634
349 224
773 117
362 411
273 756
855 610
52 186
577 244
1017 819
547 858
794 242
685 357
409 477
667 115
503 795
140 22
405 489
246 155
606 608
566 880
340 397
466 392
583 19
636 576
838 159
411 608
401 72
966 810
549 609
925 29
380 41
51 786
530 297
941 113
905 483
993 221
880 435
613 439
454 225
1015 269
385 402
877 786
475 819
573 0
404 474
29 785
516 80
547 22
377 464
135 258
947 104
479 803
539 68
218 994
294 209
239 679
612 92
441 63
912 1014
63 292
465 93
53 981
173 600
1003 551
40 115
809 987
219 265
766 759
333 984
729 627
170 968
282 782
36 724
845 948
714 908
217 155
1001 270
112 151
871 92
702 911
207 487
875 426
752 617
161 62
578 890
689 748
834 972
506 871
672 327
795 362
211 1012
518 189
259 630
340 106
722 18
1017 929
505 868
332 234
462 493
296 16
360 985
764 170
933 246
17 581
573 813
944 784
801 438
973 36
44 289
142 767
307 136
672 813
1004 1004
23 442
474 319
458 834
280 198
1004 190
444 1022
771 1017
811 691
778 588
105 727
625 150
1017 767
917 300
903 565
89 884
546 112
302 1020
431 761
830 712
959 810
902 380
808 649
373 595
317 127
160 422
855 785
572 848
528 465
124 408
7 214
268 553
326 570
549 758
307 355
446 243
141 324
623 950
973 996
521 266
100 681
689 955
442 237
779 971
703 903
355 710
93 623
239 420
169 788
154 477
119 600
720 260
924 319
186 873
291 708
116 391
365 805
322 808
18 77
755 721
981 86
407 50
709 646
470 878
410 624
331 529
200 27
790 100
346 976
974 638
660 66
5 2
871 328
810 889
405 541
587 362
627 994
413 312
617 883
166 3
484 498
533 684
525 299
785 872
251 735
486 912
801 491
914 648
819 700
513 201
217 76
563 844
47 976
132 664
836 298
667 296
796 176
980 298
475 741
146 727
452 632
615 229
99 505
877 919
181 367
96 398
443 659
218 490
612 350
130 424
648 798
720 421
974 676
719 426
394 865
129 846
473 744
52 572
225 929
467 406
272 563
804 716
199 1022
182 811
348 313
211 996
87 931
393 37
583 88
463 977
953 592
800 402
312 852
975 537
757 418
943 6
982 723
722 157
721 904
968 45
193 155
18 280
62 411
318 645
500 781
599 429
350 375
832 662
203 783
176 960
177 95
966 135
819 664
292 516
545 236
562 738
391 580
1019 453
991 313
75 467
70 674
897 420
25 705
59 228
464 235
164 641
330 107
777 125
771 45
642 292
282 180
7 673
760 2
103 727
315 178
171 385
852 44
806 877
749 865
81 189
76 245
830 406
352 583
532 100
629 150
392 911
330 399
560 66
401 663
793 716
841 964
78 669
1008 884
522 733
725 603
922 801
849 729
183 177
288 715
277 917
865 670
804 171
45 341
237 447
1004 7
139 822
971 217
467 956
77 990
665 802
569 564
579 394
269 763
572 557
454 849
451 296
495 231
467 541
572 705
988 553
712 103
351 659
321 818
591 398
784 233
177 330
797 756
724 42
495 272
599 950
98 26
222 593
258 689
110 830
370 74
359 58
178 710
718 499
505 285
897 265
518 50
595 291
807 296
333 278
568 933
204 666
959 426
236 193
92 346
0 462
421 359
521 599
46 215
74 551
500 971
816 1019
1022 388
286 805
684 620
529 264
895 464
690 107
658 782
453 658
221 874
1017 742
449 39
957 523
590 433
471 383
428 469
771 715
250 431
311 309
659 840
573 530
280 240
637 938
1022 67
572 219
941 566
961 367
605 894
890 172
304 337
555 732
806 302
423 32
733 734
342 368
550 915
899 831
131 512
745 130
579 294
349 497
860 287
864 441
157 730
613 461
44 144
170 850
446 593
883 155
304 201
524 854
92 399
661 224
911 383
354 467
677 703
964 513
990 804
954 124
510 544
585 554
688 755
381 111
325 240
266 629
441 790
459 533
165 97
757 53
480 87
520 133
791 460
646 757
240 576
881 750
96 443
281 785
174 662
896 499
902 138
104 319
929 564
852 70
661 586
123 117
673 643
250 440
79 896
174 319
448 31
46 545
474 327
306 649
989 178
124 867
316 229
162 221
793 1014
292 430
576 415
547 226
35 797
666 114
669 840
434 93
872 480
638 322
807 944
971 772
98 72
615 415
301 777
636 70
767 928
500 320
320 23
546 355
820 188
469 465
5 903
558 877
359 173
175 142
93 123
914 192
195 505
607 496
258 219
566 2
124 42
322 444
65 868
799 885
32 244
326 37
124 884
914 483
33 66
626 127
189 516
319 384
1022 926
880 256
121 422
258 245
464 580
689 529
424 464
390 457
709 716
494 833
576 385
292 610
451 918
737 640
411 32
0 409
958 880
665 55
278 924
301 742
480 990
247 905
431 637
338 116
329 832
949 905
193 217
491 644
112 204
260 523
236 260
932 170
116 573
226 394
473 527
112 954
493 359
835 924
996 149
16 301
981 965
183 151
159 674
795 271
879 32
794 91
292 702
262 409
251 488
803 725
1015 916
655 484
251 466
385 224
615 401
525 572
343 708
723 502
359 495
773 214
527 543
305 819
221 567
204 472
31 1008
173 22
900 828
507 127
270 892
351 885
269 877
434 612
561 133
90 920
628 863
110 131
382 416
951 603
983 131
52 1015
115 225
13 1015
30 520
119 300
388 470
162 658
323 596
246 885
729 337
781 334
176 892
465 559
284 392
138 243
524 190
234 639
416 248
631 446
768 750
746 133
196 908
791 520
480 13
381 186
350 138
520 527
6 985
62 290
354 200
534 878
391 768
493 807
1016 100
229 761
850 975
894 23
860 661
543 316
674 924
502 1
38 1022
528 45
984 590
335 314
790 869
168 157
614 661
964 606
762 169
343 588
121 213
611 981
874 130
273 525
30 776
526 69
774 30
114 734
620 449
24 386
295 192
544 909
854 484
491 592
654 835
156 775
24 768
732 899
898 1005
400 929
757 926
998 508
956 88
218 552
537 243
938 832
435 458
717 265
943 185
857 573
1020 1014
324 20
758 32
919 632
13 295
537 771
197 511
255 129
599 473
681 113
716 596
945 128
30 639
393 973
824 227
522 820
217 846
840 975
878 736
583 892
7 97
639 205
608 894
334 184
343 1016
297 36
588 218
164 618
857 557
568 657
784 66
453 1001
913 270
952 767
1006 512
635 1013
609 250
194 193
120 529
521 674
500 85
893 664
703 726
197 247
360 982
314 813
959 203
59 888
970 41
376 582
31 985
832 225
154 953
754 532
393 251
182 893
336 51
533 16
778 730
263 114
688 577
927 624
780 987
488 727
4 864
285 35
825 93
261 979
22 1015
487 415
243 670
284 579
721 817
595 475
524 859
589 188
412 493
812 169
456 276
896 460
116 157
496 941
250 757
897 273
748 360
688 991
6 973
547 728
766 118
179 266
977 769
455 366
238 243
535 694
520 407
130 636
564 626
554 814
359 427
63 84
787 752
51 794
701 598
498 443
717 677
710 670
422 141
12 660
384 547
330 904
954 461
517 494
63 47
285 423
474 348
507 237
76 558
7 777
133 505
197 850
159 907
496 581
24 509
218 408
32 548
289 987
1009 806
457 49
853 742
472 303
67 979
540 143
513 548
921 646
29 94
472 188
1001 969
770 1
454 988
409 486
512 698
449 498
480 907
547 309
625 1019
612 692
974 129
836 463
677 733
86 706
827 558
895 804
503 641
805 957
605 190
420 93
889 869
591 345
752 114
655 354
109 243
22 59
372 858
523 25
567 609
732 370
143 603
150 647
220 955
580 825
122 1000
918 1011
846 486
332 574
600 987
928 710
207 951
769 579
785 268
605 329
877 313
699 1021
916 850
644 112
781 200
937 903
177 831
890 1023
293 199
573 894
162 478
580 369
405 325
949 166
594 530
495 447
843 171
444 735
1021 64
847 778
265 760
658 442
567 524
441 861
723 1014
731 886
468 287
231 873
612 156
16 182
686 511
630 505
682 50
216 679
115 39
434 380
799 68
822 343
592 239
180 292
229 911
154 698
174 385
547 786
542 563
969 204
51 575
710 733
625 926
389 740
966 823
96 741
891 918
60 459
133 240
751 363
127 905
37 301
267 584
64 809
124 9
1013 175
584 699
908 185
602 273
926 544
72 1022
261 963
917 322
399 26
562 126
389 690
8 426
991 275
1011 31
60 111
40 49
286 624
749 170
810 327
444 712
871 516
710 108
456 603
430 855
630 993
981 1019
659 989
422 626
240 409
658 300
520 698
350 806
299 75
976 85
402 396
797 249
913 483
357 345
63 788
176 693
757 133
688 392
99 86
1018 339
495 652
640 1015
327 990
797 626
41 750
711 443
122 484
692 11
967 25
356 6
813 532
699 546
666 364
938 765
450 933
80 946
561 720
937 888
686 711
490 727
437 177
146 559
661 838
571 605
864 927
611 653
436 287
176 78
651 90
843 77
1023 923
1023 561
620 937
425 282
624 916
1010 37
69 132
596 731
971 143
312 811
47 923
440 483
186 616
561 837
707 380
915 706
279 914
243 899
827 669
158 427
561 144
464 630
276 37
337 223
180 649
10 227
549 451
710 735
43 247
549 750
627 440
433 907
330 676
782 134
321 940
561 882
60 2
489 337
39 826
560 219
452 571
447 1001
1022 133
712 41
381 237
792 1008
677 201
891 1008
877 650
118 175
566 679
33 627
681 522
964 720
325 500
940 777
47 363
754 45
496 442
87 877
680 879
862 333
56 729
317 933
355 435
84 922
91 118
525 772
640 465
469 965
965 385
718 1013
748 448
34 220
891 121
74 547
1000 936
880 32
641 174
966 997
609 26
895 700
144 396
449 785
861 918
726 802
279 421
791 3
869 826
223 736
947 297
259 924
209 116
956 851
290 898
824 899
925 695
576 45
67 1
830 928
919 533
706 174
954 474
177 799
276 400
512 199
698 771
99 907
887 32
734 153
930 534
29 831
205 605
877 272
606 683
176 501
192 883
675 122
333 852
922 609
228 410
808 926
157 908
810 21
940 520
174 846
31 203
654 236
808 507
509 390
166 685
891 359
544 542
481 877
370 379
462 599
789 247
501 947
131 287
968 47
808 118
893 839
322 523
51 106
6 560
497 173
222 364
532 766
907 1013
620 253
369 58
852 134
305 330
57 436
617 1
483 401
120 353
216 442
876 268
548 883
828 21
32 26
386 564
793 269
553 389
522 922
447 351
33 753
681 90
165 274
92 649
676 212
1002 892
654 854
136 178
713 965
200 745
991 586
285 760
855 839
125 353
737 573
704 770
302 361
861 467
636 953
92 288
141 70
156 795
925 293
973 614
234 149
336 201
735 621
962 566
436 63
920 150
636 600
920 938
962 757
382 574
686 474
862 827
545 1018
598 446
287 548
36 521
697 372
723 409
994 661
975 406
724 871
556 337
448 453
251 386
186 633
960 873
84 798
676 629
792 251
51 56
799 87
577 472
460 276
881 430
937 833
836 638
680 369
975 104
822 202
490 1008
836 426
857 920
200 510
525 993
761 576
25 536
663 602
1008 99
879 866
529 792
675 342
406 331
711 357
436 509
560 926
493 372
329 327
268 529
837 793
498 574
345 523
86 1008
102 70
84 981
936 613
749 587
955 132
919 642
489 331
127 25
233 621
397 562
948 665
68 761
434 566
311 779
66 397
764 168
467 848
125 380
437 874
967 369
1006 862
1011 472
169 115
497 403
736 895
965 660
536 9
397 971
576 708
726 642
81 466
810 548
290 935
928 728
73 768
710 60
216 880
175 713
259 911
584 200
547 97
210 944
44 786
628 770
404 709
213 190
234 503
101 138
207 886
1010 280
630 697
341 846
553 516
536 812
404 96
1012 951
193 198
872 237
984 476
1008 364
162 197
554 396
700 655
534 908
518 521
164 124
194 505
971 747
1022 483
535 402
579 523
329 773
722 177
1010 682
654 994
23 816
167 577
188 868
209 722
752 727
219 916
851 413
398 798
136 396
257 671
798 837
171 103
586 893
281 572
551 935
543 574
727 710
128 915
554 337
613 282
40 833
175 891
222 573
666 359
969 923
6 743
736 177
846 298
46 103
871 598
14 390
148 741
76 276
632 631
613 222
913 653
31 64
521 253
637 163
612 582
62 619
301 799
796 124
73 843
227 944
417 242
310 565
983 387
842 592
1018 431
814 907
61 845
972 582
74 585
745 687
144 807
282 445
582 54
569 656
897 797
576 290
15 887
856 998
250 674
566 244
81 356
127 142
177 75
724 252
661 445
939 805
229 197
226 811
251 796
443 125
569 1020
415 584
883 247
558 109
921 101
353 1003
457 480
121 635
556 846
887 193
267 802
998 496
999 200
284 226
996 727
351 541
723 767
101 582
1014 660
691 912
761 20
891 194
501 1012
829 33
834 692
226 78
470 200
574 445
400 858
672 373
562 1023
914 261
766 1016
844 757
652 511
645 389
532 512
583 9
500 389
42 311
57 268
389 528
468 963
973 868
798 621
217 336
621 108
597 363
100 417
96 752
929 741
117 437
229 700
446 730
65 488
17 123
756 406
651 200
345 600
44 119
198 262
455 819
370 29
158 470
446 255
198 351
996 315
788 202
1015 210
932 57
698 949
180 430
331 831
630 676
407 675
796 605
937 227
400 283
256 559
753 703
814 951
30 786
242 819
988 233
5 896
290 704
821 470
110 128
277 741
805 685
392 577
266 305
804 667
588 37
202 317
740 1016
244 770
778 486
565 743
719 571
615 1010
251 413
456 361
541 734
78 322
395 470
899 661
775 680
304 339
717 506
656 433
498 900
179 253
362 745
996 58
292 587
44 543
1000 500
904 518
210 983
840 605
429 716
243 181
372 547
520 65
30 153
498 528
29 677
781 392
398 753
450 690
317 494
209 293
994 90
811 181
49 628
786 478
320 5
659 692
553 156
757 583
309 231
87 338
908 869
730 283
598 156
973 915
650 159
185 621
249 996
802 298
600 564
776 920
570 412
588 99
568 321
682 877
552 769
191 437
614 922
720 189
54 669
80 705
828 265
302 53
238 80
351 838
644 104
735 190
516 299
289 60
621 971
937 149
717 104
586 307
2 282
496 57
952 577
762 756
842 40
810 56
120 137
895 764
241 606
955 757
905 220
817 502
168 730
652 885
835 214
168 837
497 665
894 425
218 632
157 36
672 967
93 792
81 988
533 322
570 464
56 451
684 873
954 852
580 582
713 391
796 882
204 269
523 75
694 741
707 852
777 356
795 870
124 876
834 657
175 380
97 231
832 782
80 762
610 660
320 300
27 92
158 232
362 681
307 32
398 1014
884 151
346 656
1022 471
508 832
104 683
189 202
914 1021
984 995
759 570
631 55
870 659
147 4
891 509
685 174
542 59
164 402
211 511
34 209
982 543
17 62
202 206
264 93
203 224
64 962
795 695
1017 641
330 141
646 197
650 307
371 168
367 536
571 578
23 605
787 1005
124 804
1011 308
420 190
532 484
129 303
155 122
945 486
263 567
683 914
874 31
58 217
567 629
795 590
211 558
571 335
339 614
662 326
922 58
516 431
542 645
734 698
768 655
160 7
198 843
921 49
874 980
266 417
585 38
1007 796
596 554
108 935
145 770
237 43
829 754
474 347
375 185
21 119
840 181
127 15
1 24
64 875
1004 330
269 566
368 252
338 965
807 446
876 952
193 90
995 1022
844 446
345 195
631 367
315 447
548 442
462 549
466 526
401 447
857 670
1013 201
922 327
142 705
774 1019
633 967
85 605
965 929
27 286
100 658
653 415
81 178
857 544
727 300
46 104
747 903
774 736
81 673
39 223
354 813
218 988
756 303
569 697
208 596
984 309
230 613
724 311
791 558
855 495
858 902
599 581
781 350
293 862
1023 332
62 353
122 280
317 878
584 886
552 792
458 512
77 688
101 802
1000 893
336 831
364 170
709 963
751 467
289 20
305 288
352 367
642 474
648 959
329 208
822 881
1000 256
369 54
945 470
856 921
339 168
728 703
338 414
643 65
881 932
85 162
197 437
530 839
912 154
774 217
362 572
74 338
829 443
392 750
913 224
647 229
392 351
932 730
765 551
795 622
460 880
785 657
294 291
472 182
445 222
399 807
795 473
121 600
916 514
326 805
738 973
10 107
300 943
837 42
470 609
664 930
465 425
563 759
716 11
941 137
234 316
944 5
789 42
605 681
556 931
463 270
880 473
377 156
392 191
198 863
800 863
769 241
264 309
1001 981
320 918
94 554
211 15
559 1000
57 140
658 613
47 97
883 927
570 237
60 963
428 258
802 204
97 547
445 362
856 422
319 153
317 413
707 528
428 243
504 485
383 138
74 431
235 958
334 806
171 394
745 599
653 523
803 750
46 224
88 903
647 407
32 964
821 739
468 225
982 972
711 342
87 785
773 322
719 83
104 890
478 849
465 107
348 244
857 395
469 946
274 92
329 306
32 126
21 500
352 1004
448 39
322 535
824 71
858 520
154 962
386 632
788 852
739 112
72 573
507 541
495 781
633 824
63 665
951 85
141 279
65 590
318 387
101 118
458 959
638 612
898 1
221 662
853 960
774 925
509 258
443 1004
15 52
805 79
718 732
164 859
1011 229
425 305
616 527
423 50
462 38
662 336
39 883
998 892
820 749
793 305
1007 212
286 1022
265 67
77 983
799 241
818 786
470 220
67 62
747 490
112 185
528 775
522 567
634 496
435 430
221 205
736 204
417 1022
203 682
65 280
641 864
522 436
626 992
656 693
31 379
159 143
564 688
918 62
231 529
559 667
959 780
872 671
985 265
669 164
948 734
444 565
574 966
1001 176
935 633
869 966
1012 5
85 553
693 1004
615 924
509 150
567 444
931 415
92 892
681 761
32 605
472 476
146 22
419 124
199 330
757 44
272 746
49 357
275 742
337 890
643 846
17 186
267 948
602 359
816 259
96 848
864 568
300 1010
591 719
110 790
25 868
834 297
590 884
655 865
602 992
731 221
815 748
408 58
672 1010
417 464
245 513
288 85
58 589
71 649
284 182
415 310
26 225
607 616
85 238
457 688
207 164
909 1022
913 293
56 561
279 473
2 524
986 290
609 20
879 681
669 140
863 60
450 889
286 33
481 371
272 938
35 479
78 945
477 991
214 533
529 494
1006 531
1018 968
821 604
989 677
261 634
817 100
695 243
989 981
276 446
328 548
360 364
3 438
285 480
406 499
1013 935
993 995
442 988
940 239
568 905
916 829
515 709
929 186
952 894
143 205
316 472
753 676
836 757
90 97
213 496
596 203
407 566
174 849
530 90
65 74
995 981
903 487
667 808
673 595
678 817
800 994
265 530
646 77
263 736
174 476
209 770
679 616
312 854
442 842
944 507
916 916
464 795
379 107
579 28
703 233
845 479
203 86
1009 849
163 248
562 337
725 771
84 380
363 396
210 805
215 131
288 107
23 753
903 402
860 458
430 539
692 252
1019 895
338 1004
721 502
229 259
839 954
6 923
310 369
296 521
151 511
652 439
618 675
168 497
53 5
956 483
544 624
735 539
495 50
520 192
552 749
451 367
679 457
267 989
827 563
486 978
50 114
393 668
789 562
142 842
567 74
302 87
698 13
627 169
63 123
362 615
872 813
983 527
247 226
492 50
789 979
4 839
69 397
483 859
959 625
677 502
699 979
590 373
993 193
543 32
316 905
648 164
694 607
691 941
833 159
991 598
114 995
413 184
369 896
19 304
498 696
807 173
652 373
547 621
566 66
653 882
971 277
22 641
884 713
559 693
872 526
267 987
498 680
147 867
553 166
147 27
862 954
200 490
303 747
87 869
813 741
727 760
1018 749
378 879
438 937
548 287
439 816
250 937
472 397
780 1
563 928
28 401
858 229
892 138
976 979
1007 766
696 711
502 691
436 880
546 875
793 70
138 209
886 388
122 335
785 903
336 324
807 365
725 641
594 593
779 546
549 763
288 221
450 791
912 886
647 434
737 417
505 875
626 367
239 748
702 0
627 15
324 410
380 26
28 974
619 807
496 144
546 785
366 996
552 254
859 175
689 572
592 170
424 194
537 663
943 216
664 546
231 988
957 611
1014 985
561 610
768 33
754 291
818 96
263 346
351 98
522 16
671 90
186 71
285 723
734 204
939 374
750 146
339 683
757 329
644 294
939 389
328 670
680 122
766 943
469 93
18 991
109 689
57 295
760 342
1019 470
546 934
845 273
57 160
956 814
489 577
85 405
966 413
51 622
535 817
541 1004
911 559
971 1020
224 5
292 984
347 287
431 894
197 252
143 254
412 75
45 901
652 130
282 594
543 333
192 54
127 734
35 14
269 1006
10 494
1011 302
454 335
589 885
205 787
113 348
17 525
423 62
403 52
192 685
646 735
1019 839
790 122
549 825
136 818
807 146
288 795
449 743
106 14
604 311
801 718
659 819
219 58
881 622
110 50
284 757
785 279
572 551
401 97
352 537
915 136
683 180
931 108
923 13
123 503
324 924
197 983
719 417
17 577
15 128
627 299
885 388
578 433
940 979
530 268
492 421
404 152
601 311
260 500
324 383
1004 648
284 177
607 1003
594 625
556 610
753 159
909 614
548 464
23 464
419 553
732 912
974 113
40 552
424 300
28 749
684 8
373 968
186 981
947 780
582 480
366 311
639 252
925 163
716 948
627 111
477 336
1023 427
979 873
340 1008
598 0
1016 972
968 178
929 891
959 487
347 301
798 987
553 699
126 245
623 754
357 76
66 356
503 515
396 459
364 736
443 963
736 435
911 680
614 816
547 549
279 895
850 53
858 380
752 984
625 351
714 982
427 780
315 930
271 711
365 636
423 808
575 135
220 462
815 834
254 338
359 533
209 185
586 43
565 314
4 167
665 718
125 68
475 440
998 746
127 340
358 550
124 933
685 344
371 476
154 625
815 513
134 0
699 720
44 240
10 48
766 533
743 217
973 718
964 77
34 298
627 158
208 289
503 579
765 657
181 556
147 315
557 846
12 601
62 22
649 470
698 391
1003 417
609 952
111 549
5 145
847 633
304 31
922 807
611 663
440 792
196 587
83 753
409 95
330 472
118 979
942 816
346 921
209 955
849 321
480 855
466 304
464 770
335 362
553 946
1 994
714 197
557 798
950 967
893 256
415 1011
211 333
803 558
230 1013
489 55
310 970
910 776
250 350
523 585
712 52
508 714
22 198
911 580
996 838
523 866
70 938
853 282
247 633
840 477
622 305
532 932
251 419
684 501
769 183
63 458
236 571
148 258
769 35
838 742
873 337
584 944
202 498
22 18
975 644
323 484
552 575
903 213
52 648
396 115
82 632
686 230
891 432
266 705
150 115
19 734
35 270
123 237
769 146
255 720
790 579
180 319
130 59
532 182
708 928
298 790
537 984
1021 404
392 263
85 542
378 104
252 414
375 376
651 120
522 907
840 288
462 1021
607 592
56 115
774 764
20 48
531 557
9 528
961 401
791 22
944 145
127 172
559 502
548 187
622 46
70 438
335 532
435 942
100 492
34 874
232 54
923 763
611 932
267 548
309 34
570 229
180 697
402 739
175 950
926 797
997 996
212 308
504 647
226 604
115 260
455 348
314 354
87 925
262 355
449 571
389 1020
801 569
693 179
285 869
105 187
642 78
160 854
386 664
478 613
245 593
873 700
941 164
30 5
65 292
360 515
863 749
511 640
295 180
819 580
25 925
767 668
1003 927
498 366
568 976
979 813
546 828
489 463
992 519
468 34
811 828
549 650
554 36
267 849
216 62
405 242
987 148
910 967
52 384
309 620
337 264
409 883
68 898
322 37
393 791
71 180
595 620
830 125
656 73
974 872
136 355
90 99
504 1000
42 556
361 351
152 698
615 561
557 684
435 879
721 828
646 792
1008 218
388 814
343 20
888 294
892 0
649 983
99 129
959 142
685 296
493 837
994 85
374 527
769 809
383 466
613 5
234 597
223 622
388 567
642 252
861 510
252 486
469 351
616 405
493 277
701 987
91 672
48 465
175 817
251 558
259 864
564 493
438 787
91 826
330 733
54 167
219 306
654 689
657 246
70 127
523 771
90 614
419 138
56 595
955 307
129 190
147 693
683 585
457 774
387 787
483 441
955 702
747 585
367 381
831 437
508 330
185 598
945 604
736 1001
175 667
284 305
857 431
998 516
1017 431
266 380
195 749
822 126
427 545
711 795
926 518
208 410
848 393
1008 769
998 720
746 149
363 6
454 196
438 429
712 431
860 978
811 31
703 609
157 107
131 868
902 33
362 86
444 187
480 428
956 454
125 679
603 488
685 34
685 99
463 373
530 299
328 318
331 7
927 488
114 34
333 1016
68 695
79 512
882 559
940 815
1013 41
470 592
530 131
626 191
231 65
564 761
365 892
55 696
900 983
160 1014
1017 493
1007 61
165 62
573 23
621 490
838 610
531 284
178 37
416 805
228 647
870 793
384 211
661 440
907 537
399 44
528 392
537 511
454 702
573 3
726 170
493 540
825 958
38 217
739 267
864 586
36 224
797 697
664 681
211 39
725 739
432 238
226 886
941 799
889 643
969 359
159 725
360 984
659 398
177 375
665 17
961 701
242 734
375 906
391 586
946 92
301 354
331 527
216 248
302 81
891 247
440 26
972 800
1011 607
175 164
982 840
182 919
518 424
630 893
306 1021
455 228
90 756
582 421
259 798
669 561
880 536
808 296
562 756
73 549
339 248
714 298
64 896
193 582
296 823
451 602
821 906
831 911
638 389
308 897
164 977
434 20
489 218
316 27
974 389
577 290
637 267
588 702
139 781
260 435
581 712
13 378
594 844
265 209
210 573
82 374
526 517
394 1015
735 710
18 686
76 595
976 713
862 540
391 1001
297 652
412 878
340 426
232 934
246 497
119 456
46 202
830 572
719 200
563 430
911 582
92 987
153 44
676 1016
584 44
993 882
696 382
736 12
808 969
946 30
442 42
487 489
244 293
37 963
494 601
369 381
159 462
344 312
506 1020
304 67
40 274
949 736
656 661
748 440
606 671
470 25
713 957
514 957
227 551
896 721
128 241
78 287
703 422
600 186
418 904
253 459
154 178
171 810
839 920
226 422
567 697
447 256
630 961
189 857
488 61
554 617
302 632
904 1006
30 480
168 449
361 421
908 515
599 55
302 414
975 528
836 518
201 259
774 832
196 963
665 685
0 196
278 303
828 158
285 859
639 453
284 1000
874 168
491 449
223 793
863 175
298 676
693 499
935 444
307 108
383 973
793 384
145 47
687 973
205 972
808 844
401 68
820 251
236 288
700 460
57 539
635 355
191 304
855 103
748 138
211 108
87 1004
492 232
27 155
182 232
103 990
53 504
35 873
755 271
137 431
731 195
970 342
550 138
647 381
241 371
520 452
479 607
432 971
840 459
102 1022
691 205
988 744
709 1023
594 440
271 731
871 1002
926 818
321 453
956 968
834 173
315 330
625 795
938 33
742 754
492 845
752 159
26 716
904 736
716 474
152 987
181 0
965 84
818 262
537 750
206 347
923 522
678 524
293 592
557 11
322 25
856 50
184 883
766 64
595 458
538 747
421 720
747 363
804 541
625 317
267 832
664 166
330 318
690 623
910 223
634 208
248 467
258 433
326 1
497 921
459 12
644 881
732 368
220 512
909 845
829 153
653 469
319 983
788 1010
582 674
209 193
883 458
660 117
891 986
118 364
883 578
376 503
435 84
871 655
596 757
476 401
910 106
871 205
65 635
191 648
285 401
841 144
859 477
262 726
439 380
66 298
958 443
801 369
527 649
0 100
382 477
501 268
583 348
473 648
983 665
272 245
42 89
389 901
566 651
603 1005
8 669
279 966
88 57
312 616
706 312
716 64
789 193
332 348
542 805
997 501
446 245
746 488
335 112
365 901
763 968
883 771
614 138
714 702
195 2
294 901
314 1010
965 80
180 273
428 722
55 401
199 501
647 946
990 982
34 331
859 797
276 718
545 890
857 235
568 28
237 863
930 551
849 871
631 5
121 36
727 176
437 927
677 60
849 643
18 883
975 878
656 227
572 177
93 405
412 661
434 649
500 340
177 326
187 808
331 308
844 35
484 258
962 138
318 787
781 337
646 732
191 278
959 763
456 28
145 868
690 579
494 166
919 671
492 82
455 824
391 276
859 875
534 797
1013 852
560 771
165 182
479 356
460 415
96 916
443 241
761 109
820 231
276 715
902 768
797 333
568 164
609 403
16 119
176 5
972 736
776 113
918 232
470 355
647 566
247 66
807 1008
176 603
215 452
294 93
196 67
427 765
232 12
144 248
132 321
253 80
33 6
193 952
238 663
283 885
205 530
951 1012
515 103
591 730
555 885
824 752
953 227
493 161
239 637
409 371
958 662
451 992
668 645
920 906
284 179
767 490
709 695
478 200
798 46
931 330
931 731
58 860
958 551
1021 173
164 406
545 99
45 996
67 713
617 987
596 902
142 339
368 851
10 846
28 809
892 959
115 800
666 173
724 634
773 888
16 294
987 61
267 30
775 884
1017 347
762 135
686 106
987 697
953 1015
482 821
950 597
597 592
770 210
168 470
844 941
334 860
212 298
922 479
328 673
339 322
1020 78
457 682
184 420
355 113
411 837
935 337
410 508
929 156
718 73
626 538
1015 961
375 203
235 273
682 563
946 1021
885 942
75 319
600 260
739 956
373 127
769 284
464 156
793 370
312 487
443 939
2 434
876 377
637 87
650 295
650 572
293 512
490 368
831 66
628 546
1022 1002
673 768
262 114
924 31
484 212
519 927
127 521
338 1003
898 975
66 524
247 717
72 540
205 562
908 12
628 513
558 627
491 208
371 753
322 271
785 806
483 280
709 611
801 23
590 675
999 657
175 222
350 247
762 555
809 646
567 413
135 101
16 626
309 387
356 631
658 117
413 118
397 99
729 174
122 295
849 97
952 0
319 278
247 57
833 32
704 376
445 839
478 462
442 787
849 798
395 484
915 808
602 288
907 307
462 6
602 287
103 531
287 423
809 534
480 619
566 160
995 1011
1000 449
449 418
213 275
192 608
759 83
392 337
371 276
644 833
282 222
96 385
753 383
808 539
917 265
134 459
425 105
446 401
555 896
819 768
147 1011
352 906
70 744
219 441
1020 863
250 278
61 346
664 815
729 448
330 622
713 464
57 115
569 504
516 100
376 312
868 523
299 196
405 370
941 624
811 937
463 38
192 524
384 856
315 90
280 645
712 994
85 770
85 655
250 601
755 626
913 600
125 189
796 530
559 713
130 346
627 593
384 819
93 769
651 409
859 931
30 547
901 116
293 986
771 543
564 502
145 453
78 270
642 875
800 177
564 930
524 167
499 908
986 593
653 613
1002 488
521 8
12 398
124 305
361 895
849 925
374 994
354 452
241 997
303 17
150 868
948 674
11 423
559 998
1016 188
587 994
677 84
1003 689
483 103
994 844
999 819
745 349
790 75
801 7
48 81
24 199
949 972
873 960
372 408
934 364
597 498
335 250
582 314
939 41
417 909
885 392
705 606
741 471
682 519
478 730
600 502
929 525
451 779
461 823
163 372
163 760
870 498
1010 428
812 925
470 206
811 331
598 492
938 316
963 596
835 417
302 411
919 208
936 346
987 373
145 126
745 309
887 591
807 873
1020 596
775 466
802 562
797 376
30 711
692 993
283 503
386 586
914 281
794 826
628 757
176 773
883 921
58 746
489 866
596 485
438 347
951 216
909 724
592 939
412 261
908 695
764 270
257 655
551 27
457 155
784 633
929 644
531 987
366 1020
829 962
481 243
285 408
459 170
108 28
85 520
289 993
192 29
239 449
684 791
477 118
946 237
751 851
881 258
815 224
254 620
162 735
864 448
119 299
618 228
327 704
748 616
673 940
646 913
366 306
680 843
424 602
56 152
430 938
410 221
138 665
841 300
376 681
748 496
981 343
724 284
23 448
901 696
365 523
585 731
829 241
550 230
844 606
382 250
520 792
471 658
433 288
970 683
282 927
2 1006
187 25
430 64
722 795
587 283
502 393
525 28
623 345
635 1005
595 131
773 42
790 183
330 725
993 276
384 251
179 387
233 367
412 663
431 110
435 1019
394 937
388 919
966 1011
240 577
992 835
708 741
877 474
924 183
175 893
460 560
120 639
947 353
1006 335
1017 414
446 428
409 840
341 797
735 283
784 975
860 752
786 545
469 639
1019 370
822 171
239 258
731 360
898 654
713 880
989 706
270 411
110 679
227 452
452 962
735 212
913 572
964 675
93 410
290 88
780 89
259 1019
347 990
355 221
620 45
78 586
751 348
997 862
4 201
290 456
139 1
669 29
573 609
704 666
1019 995
755 775
60 1014
771 407
981 102
629 577
147 707
139 899
31 113
737 35
314 3
492 453
4 137
482 578
746 163
220 742
134 975
493 194
966 240
601 923
343 206
476 490
913 616
365 945
729 78
980 19
81 448
472 86
585 955
664 308
94 884
26 228
836 519
422 778
760 1023
677 79
206 129
569 95
745 935
16 450
1013 997
469 71
421 942
157 1007
873 821
291 967
681 317
171 493
836 593
247 572
592 924
651 798
30 197
894 775
108 910
202 97
883 671
168 281
589 325
264 438
122 555
381 804
872 552
273 684
121 521
233 714
421 884
488 451
57 358
203 165
245 405
263 104
52 431
385 642
757 649
56 879
180 438
659 28
990 933
713 88
430 946
802 851
806 266
279 864
625 482
5 870
887 268
974 939
700 336
557 433
985 614
288 142
28 948
170 1018
857 883
82 263
805 884
90 588
127 369
428 752
851 433
598 714
702 548
630 378
884 163
811 846
777 75
988 805
1023 134
800 856
1018 882
95 799
743 186
363 870
555 791
598 383
201 172
73 903
720 703
257 581
867 44
403 620
119 367
402 119
501 178
975 495
36 47
271 779
233 634
625 788
402 199
147 603
371 221
482 68
924 739
649 767
783 28
364 902
395 766
1021 896
944 973
368 980
1020 639
736 229
249 337
1017 651
537 141
230 908
362 712
976 262
427 601
6 186
629 370
65 0
112 62
897 32
11 241
1012 7
880 724
236 105
38 230
757 575
371 987
459 733
676 412
995 79
1013 1001
266 619
347 331
619 459
393 492
491 405
733 480
412 589
695 218
879 428
793 226
391 229
959 43
641 930
123 630
908 389
225 231
720 845
691 89
313 158
494 23
638 907
612 819
532 283
13 387
711 807
613 79
12 548
122 653
454 245
259 338
634 485
570 330
306 237
420 619
395 914
642 10
797 231
829 305
514 842
692 202
625 281
281 637
829 403
266 260
649 526
598 259
1011 144
590 293
381 1010
912 777
900 531
787 674
762 592
979 252
410 648
454 12
929 735
649 735
115 916
995 764
418 569
1023 405
714 589
698 71
575 586
848 452
93 611
102 855
179 57
84 590
705 538
602 611
250 227
322 365
119 293
105 537
862 104
942 552
694 616
624 245
179 448
697 272
36 799
104 215
857 188
805 538
726 383
125 976
611 447
317 730
740 422
244 579
527 162
107 197
779 731
442 958
156 116
206 192
915 310
407 748
498 189
263 201
572 388
153 159
836 471
890 552
893 110
107 396
272 215
593 27
946 12
985 78
128 168
270 19
478 678
768 977
867 7
154 415
395 307
575 207
778 441
760 648
551 867
20 823
58 614
851 1005
626 812
59 754
980 330
773 435
1008 517
388 851
524 542
242 920
849 817
103 604
234 863
228 785
707 248
585 765
862 412
746 464
200 806
194 157
112 968
592 96
461 980
947 986
498 165
882 323
983 985
927 193
825 131
979 508
380 540
249 218
952 996
683 128
778 877
285 890
821 877
986 259
833 909
221 307
50 79
631 9
40 534
203 865
666 158
349 22
698 599
240 626
571 923
754 325
777 16
191 574
893 153
833 703
38 30
1010 88
109 617
98 150
128 301
1015 794
459 341
816 133
940 32
759 487
956 489
812 709
505 1003
259 375
132 69
54 170
99 40
258 209
658 356
359 786
657 350
556 92
691 348
225 607
380 984
70 312
450 882
1021 955
861 257
306 993
326 360
139 425
401 398
634 35
754 993
821 388
320 353
480 1011
701 706
595 57
666 665
370 92
524 367
24 361
624 330
331 950
691 470
352 68
868 986
103 599
956 924
987 252
253 443
239 954
125 834
1011 792
476 357
884 1000
725 908
337 325
215 668
252 906
115 604
974 983
566 53
558 498
977 521
750 206
965 990
136 66
800 123
858 252
481 719
228 182
603 566
507 818
210 759
700 325
339 650
285 906
703 843
380 656
341 107
862 282
73 998
348 873
98 183
102 579
902 330
761 481
896 244
276 83
1004 976
408 319
603 693
201 282
513 582
939 854
689 777
112 762
752 460
611 850
643 713
405 521
20 142
1003 916
386 255
999 366
207 384
686 810
53 887
69 566
445 1008
396 110
761 508
872 489
969 460
315 588
149 720
86 169
862 65
62 225
320 37
591 527
421 253
314 475
117 383
17 562
367 414
673 104
922 521
594 867
981 909
432 107
606 518
276 444
583 338
669 903
376 237
406 797
490 720
248 607
79 266
146 446
680 819
551 578
316 121
422 274
6 854
381 612
348 657
33 931
996 702
810 348
939 192
121 406
913 370
1013 992
636 135
415 292
954 966
870 247
63 268
521 69
98 902
682 446
535 715
353 507
393 139
855 309
332 977
715 221
323 704
189 959
840 604
227 770
546 73
1017 609
342 514
679 440
887 928
28 216
411 421
356 243
730 688
196 421
909 519
102 74
454 942
679 681
688 201
754 682
811 72
172 466
513 565
803 376
469 831
592 880
228 948
99 959
612 295
356 497
814 458
572 244
376 227
925 41
428 656
723 215
728 895
681 217
436 460
593 905
267 162
762 496
86 861
431 699
133 787
172 947
222 744
168 598
971 69
639 376
725 338
591 430
210 249
647 646
709 217
528 977
379 266
449 465
103 880
140 236
643 313
160 865
33 328
440 1005
397 55
357 99
394 948
529 604
173 152
226 883
369 754
836 748
1020 261
190 100
117 330
336 760
643 496
602 677
824 18
658 198
73 1015
297 467
939 826
47 89
978 274
972 324
4 784
48 1
21 238
569 437
898 188
934 476
865 734
494 499
932 568
490 205
11 406
7 59
495 986
333 443
286 337
203 334
338 224
573 439
362 118
877 236
306 787
713 148
497 183
647 406
751 114
611 763
520 619
822 1015
581 131
434 867
468 637
177 807
861 750
222 199
868 75
435 151
862 124
299 336
308 946
742 35
36 329
798 556
948 596
547 505
727 981
348 172
594 526
979 431
252 177
630 97
253 42
248 91
166 547
427 474
469 145
510 506
475 284
38 399
881 586
905 584
543 229
756 114
755 711
545 1008
889 152
81 118
194 329
209 360
876 637
835 321
782 321
827 233
605 866
633 462
428 514
23 971
743 779
61 475
467 607
459 332
759 540
450 953
869 659
289 721
272 100
18 31
421 846
264 3
688 897
465 92
387 488
39 107
244 101
582 711
708 17
19 443
557 469
372 402
104 661
99 377
762 117
408 159
963 672
162 627
546 628
719 933
92 759
16 336
860 598
23 544
615 42
511 335
550 616
996 649
993 734
767 377
894 706
25 32
310 571
660 5
481 753
764 497
65 600
72 89
120 687
131 83
836 643
418 362
235 391
1012 204
101 755
581 995
437 606
4 747
154 664
753 635
393 493
108 459
70 180
548 190
868 679
274 680
298 692
18 533
59 6
737 161
761 294
132 175
901 136
922 31
801 651
666 170
121 774
629 191
955 153
381 799
833 655
455 107
324 473
641 383
480 354
544 217
649 677
392 526
813 291
557 590
942 199
761 39
973 366
230 904
520 612
679 329
243 110
436 567
584 53
951 40
408 471
257 33
124 650
559 938
941 92
504 859
291 241
899 240
608 105
121 104
717 800
433 961
911 869
504 471
923 431
511 307
903 768
340 3
394 899
941 311
991 422
147 258
663 22
498 247
127 619
351 845
396 784
782 283
630 262
754 529
694 241
836 573
1009 152
576 380
27 494
691 1018
916 838
252 555
860 750
803 988
346 130
809 742
915 567
1 521
829 755
26 499
996 862
48 981
1014 625
337 17
95 5
11 1011
843 263
542 680
1013 321
644 335
452 429
53 343
996 54
864 801
809 890
277 781
728 325
739 718
950 52
735 21
57 746
8 901
1009 551
557 998
872 177
310 300
606 363
643 578
418 483
355 203
349 632
985 53
958 700
771 884
752 482
906 810
204 914
687 189
441 220
164 290
397 474
590 1003
837 210
557 231
693 912
435 19
521 396
72 455
72 844
315 824
302 197
610 507
88 273
696 529
493 860
819 890
310 386
869 124
596 402
355 265
291 790
284 812
162 357
243 234
177 558
756 645
986 844
919 659
349 388
495 145
255 806
531 100
930 103
503 261
368 794
28 653
582 190
1010 825
425 163
359 460
642 91
81 605
935 1000
240 261
365 735
406 620
517 937
720 423
16 199
685 384
993 713
13 551
903 1023
352 304
162 712
764 805
803 846
386 715
822 626
976 163
337 358
783 855
271 480
254 287
679 939
671 649
628 685
176 508
684 529
812 847
217 553
628 1020
375 1014
711 173
616 663
337 953
1021 96
784 268
576 15
555 232
954 203
881 559
888 33
43 548
562 855
371 779
384 999
776 759
989 463
933 581
103 246
511 100
342 271
369 919
286 924
127 217
103 1008
776 991
17 819
516 580
650 887
335 11
863 87
770 828
551 679
386 654
925 897
754 244
144 99
139 431
0 266
648 103
250 400
71 267
195 587
847 845
450 159
856 289
246 603
94 797
258 480
427 160
353 158
404 497
257 543
928 257
809 552
361 35
952 432
302 123
1019 126
969 445
285 801
735 531
380 829
305 639
285 732
799 638
890 179
111 124
722 16
381 507
568 742
542 497
150 844
620 145
591 231
343 302
763 723
107 44
338 392
6 643
292 117
767 1014
133 124
497 702
867 15
175 1017
860 795
139 806
337 730
14 680
8 777
379 115
821 718
507 573
831 513
192 100
630 959
90 764
60 588
442 927
603 617
920 439
388 35
222 725
765 236
381 773
1013 761
888 810
455 371
359 262
884 552
362 491
487 453
231 547
17 673
450 620
266 347
36 654
382 258
356 124
494 737
897 483
474 762
269 929
109 628
168 994
156 530
461 644
983 692
167 1000
341 618
597 607
965 633
237 323
891 593
447 361
307 321
844 781
59 89
687 168
717 855
138 874
361 599
494 321
267 661
297 608
255 894
191 196
503 429
520 370
1022 967
731 305
264 551
63 323
640 750
492 334
581 630
184 942
206 678
239 473
315 537
58 571
407 249
767 911
678 263
257 677
207 989
982 471
516 21
795 133
771 263
467 328
893 651
247 75
305 486
549 620
1023 607
167 407
856 935
294 511
174 551
164 381
516 122
853 9
144 624
142 915
887 609
220 756
236 467
832 541
953 357
137 953
964 305
336 796
216 630
283 390
157 447
772 674
570 601
683 714
201 825
605 64
410 825
820 646
268 628
163 198
985 300
127 925
605 463
698 821
69 981
188 226
405 960
900 975
537 559
665 738
360 246
802 770
48 598
392 316
203 555
514 164
856 641
66 437
80 764
235 149
721 423
376 102
359 252
53 896
812 718
610 148
965 388
919 1013
986 287
305 165
843 820
330 675
437 396
88 518
136 323
667 857
746 19
960 81
272 1013
977 60
708 563
208 649
951 103
638 914
391 943
55 210
739 385
885 153
781 973
671 917
273 314
751 1019
334 687
77 606
676 30
666 360
594 874
1009 521
978 623
411 345
543 467
555 258
852 416
411 610
365 58
503 638
373 230
634 707
917 711
289 570
741 955
930 311
805 916
833 759
515 220
80 34
687 635
293 516
27 704
102 393
763 605
7 112
836 641
819 729
328 84
275 46
15 182
357 820
74 166
556 589
387 636
624 50
248 917
566 275
597 668
668 336
250 676
448 62
293 243
791 622
327 43
668 342
225 1
139 299
168 695
888 555
307 488
605 555
381 148
831 979
816 475
291 42
127 740
104 421
983 896
19 287
939 687
629 140
688 768
439 856
439 303
387 747
792 993
278 149
117 85
104 933
561 396
976 688
112 56
85 71
952 104
358 867
791 988
1007 456
732 422
288 148
726 676
895 494
645 149
643 762
235 748
671 796
120 623
460 232
680 546
303 608
650 662
452 418
626 435
874 334
858 138
482 560
814 353
30 435
503 673
173 738
397 845
510 517
444 970
749 100
492 29
709 119
691 137
537 293
572 387
627 406
525 86
966 316
439 996
751 942
646 925
656 19
746 142
537 166
89 262
267 581
291 976
700 982
89 213
251 661
600 879
44 102
965 1010
418 380
983 145
299 605
46 955
624 792
74 137
959 163
400 202
744 691
154 421
650 243
634 901
904 211
756 948
313 697
935 731
54 894
876 353
475 923
284 75
691 358
213 626
521 613
828 242
280 982
663 930
201 273
808 82
484 540
6 797
214 941
504 268
811 357
621 262
256 905
338 947
240 551
550 761
140 354
1003 420
313 642
327 514
916 111
596 376
651 603
150 865
520 654
109 308
1011 730
570 243
612 908
167 852
435 717
589 575
47 569
996 360
187 299
875 79
410 447
456 37
26 606
903 547
236 1012
855 224
719 401
467 307
286 634
135 721
327 724
273 375
269 245
735 457
544 586
536 954
10 992
991 36
574 870
583 811
859 414
11 554
816 478
861 78
89 996
799 416
696 48
791 966
293 503
399 837
65 935
767 75
904 735
112 454
581 695
241 416
86 252
970 902
731 807
980 820
779 755
212 452
804 1004
394 73
483 793
911 548
704 654
624 584
365 736
15 947
407 256
339 493
509 286
371 216
69 327
12 849
59 224
277 863
204 671
936 687
440 823
212 120
454 836
705 819
548 720
742 955
976 58
425 461
344 796
677 413
100 689
238 159
914 515
1022 94
162 934
782 602
734 994
723 164
806 404
983 330
100 702
261 52
760 686
514 80
459 167
493 559
857 732
718 747
223 716
841 386
626 599
988 336
569 687
500 351
67 460
681 167
138 943
220 898
605 734
978 40
901 447
599 734
155 293
457 379
1009 275
765 612
874 729
948 420
393 425
771 460
885 429
628 1023
348 848
897 953
558 851
994 435
274 569
146 430
863 603
809 848
878 550
436 729
255 361
125 648
786 896
85 647
301 713
646 649
537 519
579 71
346 549
506 620
94 652
26 957
232 835
782 86
361 194
815 617
555 940
241 317
813 326
964 90
15 586
740 552
81 295
623 427
844 106
24 938
758 50
872 990
886 630
53 223
824 868
840 356
785 58
673 574
384 614
664 400
176 380
952 258
675 552
685 495
658 709
410 392
760 258
359 622
888 412
845 688
256 662
20 17
720 694
591 80
284 232
480 460
612 409
718 264
961 380
759 595
65 145
987 825
403 322
423 267
734 245
956 991
907 976
1008 603
646 576
683 930
808 140
367 396
549 61
660 486
441 396
57 507
541 20
308 945
343 732
188 53
977 120
20 860
73 5
439 719
581 98
626 365
238 993
761 787
30 398
249 472
794 306
979 311
327 263
232 670
995 421
723 948
541 744
784 614
749 199
310 306
298 936
671 536
905 408
300 935
806 549
383 576
856 338
888 159
602 96
829 573
517 528
498 35
248 258
649 997
279 756
871 950
268 752
335 568
664 117
94 23
694 950
362 558
85 964
654 914
513 148
418 1011
183 667
246 832
640 704
768 920
436 615
846 704
344 157
249 1008
275 343
7 969
269 369
503 354
309 133
244 823
281 662
810 464
305 32
273 946
736 17
842 148
632 664
853 976
822 78
960 73
421 968
18 690
313 521
20 623
654 264
422 936
926 208
376 208
241 649
130 977
666 972
102 275
612 955
227 410
9 164
483 430
108 501
96 421
1022 116
20 653
380 442
565 282
651 941
490 892
567 620
845 209
568 947
484 157
878 712
567 887
876 27
293 984
528 389
381 527
505 402
156 885
844 721
144 471
638 634
339 181
231 161
391 799
84 875
956 963
563 500
826 415
527 96
375 31
485 757
558 991
135 714
852 979
411 996
427 26
607 766
207 838
927 598
613 1012
450 546
951 1013
22 753
405 549
849 780
580 311
513 115
278 648
829 106
604 217
79 7
243 686
773 450
500 677
25 89
665 475
635 592
464 657
321 869
182 147
626 763
458 115
764 683
842 344
900 921
351 119
583 100
570 59
777 595
149 418
46 784
1010 510
418 308
356 600
455 982
339 913
73 193
625 837
877 443
157 753
341 508
873 924
609 419
984 362
1014 109
781 36
893 767
546 287
51 902
888 506
860 203
395 934
397 1020
747 250
440 905
1003 781
389 852
681 998
247 641
337 237
750 94
273 620
861 820
907 913
395 535
975 791
445 348
787 168
598 203
49 577
984 439
406 642
413 653
259 750
891 1010
844 140
606 682
960 489
571 635
237 966
146 188
733 591
536 497
759 110
700 809
687 661
224 69
279 637
723 538
364 590
524 184
730 106
866 667
596 413
278 833
356 424
1021 65
1015 533
562 750
643 239
535 306
900 759
376 155
373 75
693 737
665 194
921 371
300 764
14 896
153 292
705 509
716 702
575 707
211 113
434 854
352 969
137 228
705 513
383 54
588 53
791 229
247 688
600 547
428 615
420 582
907 101
67 600
804 642
283 1015
756 717
846 84
663 983
313 344
472 696
398 36
749 165
265 996
853 865
520 258
456 940
840 340
17 907
940 821
526 199
813 258
917 635
342 556
594 655
900 42
328 274
78 53
439 343
26 268
184 546
526 641
462 342
981 479
226 897
277 752
72 66
1010 989
701 328
521 271
984 397
313 288
671 391
341 86
734 367
355 918
913 881
535 351
200 492
831 426
365 84
154 438
150 140
403 851
468 925
98 428
298 411
716 970
802 34
32 512
401 387
406 291
245 942
642 445
410 449
871 776
533 1
190 683
141 593
510 609
494 608
14 793
1019 730
739 797
764 771
285 142
135 692
433 380
610 51
825 1020
501 672
772 10
673 962
694 814
532 180
399 2
789 413
795 784
120 510
558 884
258 843
2 393
511 435
773 97
487 574
94 988
222 866
998 895
805 668
685 313
849 60
315 614
474 87
374 594
597 932
454 855
752 457
224 239
892 997
337 355
547 431
319 769
273 294
640 54
962 301
367 787
362 683
377 836
770 752
406 343
660 860
175 388
293 399
628 162
373 965
517 920
372 837
666 645
107 282
700 45
584 43
833 946
726 186
758 472
938 140
816 575
1000 991
963 270
366 567
432 739
508 949
636 880
762 278
502 869
560 178
915 120
221 724
42 948
910 800
396 825
940 188
376 917
155 315
163 522
883 595
237 367
520 873
224 259
127 726
104 688
904 1019
808 101
25 606
627 422
407 544
610 783
437 766
74 600
264 957
171 501
301 691
351 525
950 478
227 31
142 107
26 951
208 746
778 234
328 381
656 735
925 242
494 338
1008 568
938 248
502 85
750 803
777 77
304 703
555 531
638 761
625 846
483 379
56 811
760 712
522 662
955 1016
1000 939
560 915
164 38
1000 914
841 753
991 121
433 522
652 143
196 266
904 821
89 363
176 145
150 937
858 672
575 789
664 551
704 201
442 868
239 419
758 57
148 725
178 581
224 831
725 420
73 605
218 162
969 394
308 95
307 142
768 882
931 408
410 611
609 852
456 849
247 190
906 396
916 60
977 116
891 678
536 965
260 754
103 205
125 411
300 432
553 44
291 460
453 701
48 38
529 504
887 777
694 769
149 586
830 102
702 697
781 215
638 17
969 742
222 70
129 522
503 683
567 794
119 1020
471 167
34 1000
671 922
753 342
667 902
928 473
1005 607
147 762
822 785
779 767
503 1001
838 633
499 317
292 42
87 411
38 558
579 73
534 226
995 264
568 638
142 473
88 123
56 235
885 878
1020 640
621 500
617 435
109 93
752 401
135 839
812 174
373 367
247 908
594 218
148 138
856 290
611 944
414 667
155 275
521 152
916 119
652 509
554 761
602 283
138 738
98 950
912 472
294 135
356 888
353 504
2 185
794 614
106 184
257 261
460 779
413 352
898 41
861 428
802 440
711 940
154 810
867 42
258 137
177 614
1 530
94 3
715 888
617 821
49 875
59 509
630 472
861 504
514 698
932 292
114 620
209 268
406 52
310 664
189 487
254 190
1017 348
193 709
212 811
506 261
662 565
770 268
14 607
772 528
282 680
820 396
276 5
665 682
57 975
322 246
439 576
436 432
924 630
117 113
417 624
374 55
165 121
323 179
728 71
707 1010
751 504
383 4
509 24
686 567
999 1009
813 414
561 226
847 462
856 964
575 249
564 949
304 730
46 627
909 775
698 593
761 425
73 120
429 582
144 92
125 120
77 939
534 638
141 357
76 997
298 651
222 862
577 526
568 623
129 454
374 827
23 112
228 96
232 658
678 377
750 804
497 827
719 7
441 860
365 518
833 663
145 31
501 722
557 46
322 686
500 696
489 523
808 717
619 17
351 273
394 77
53 891
904 772
898 322
608 239
840 417
902 985
448 380
684 1005
426 1006
667 926
678 132
425 463
850 20
480 177
293 874
255 347
741 135
95 615
457 704
855 273
97 733
235 546
89 919
527 515
901 171
417 555
303 842
1018 129
862 474
307 132
324 562
479 41
697 574
657 131
254 488
404 352
197 639
898 287
534 401
802 411
572 196
967 876
14 961
1005 877
412 288
1009 736
850 464
778 524
14 411
655 269
899 35
621 72
675 495
359 185
896 138
597 445
334 540
297 348
477 278
201 889
567 186
602 393
650 356
917 665
767 548
934 642
584 531
714 235
2 50
188 1017
319 522
533 616
870 1011
895 48
876 438
234 454
831 885
810 725
526 553
249 436
171 833
967 886
44 969
936 465
843 100
458 139
622 992
755 468
979 626
516 831
40 751
262 872
612 48
573 114
602 822
550 773
632 493
635 676
438 547
117 257
647 576
396 245
544 128
714 499
754 206
306 795
957 568
643 545
617 192
659 195
1014 185
968 622
678 580
275 92
103 392
350 751
968 746
996 488
874 686
987 605
893 270
376 826
838 1019
348 431
187 1007
626 177
169 571
800 847
127 51
940 230
443 266
981 388
1012 954
876 863
616 840
444 485
86 820
288 924
815 636
332 1002
619 958
155 788
505 955
612 632
1006 528
863 426
794 820
814 782
750 666
621 343
482 41
828 568
861 92
469 652
728 801
630 324
735 786
88 217
717 700
849 700
204 688
102 998
485 916
757 211
558 354
554 17
396 359
585 233
451 30
886 156
831 492
480 543
254 568
760 972
245 585
648 449
250 750
424 735
642 157
946 176
511 477
193 907
836 779
117 263
809 1003
419 617
471 899
136 726
444 896
674 689
457 298
114 707
24 538
418 666
695 341
842 183
818 12
66 630
791 183
893 576
162 289
169 634
164 305
336 608
177 1010
273 635
284 388
318 308
926 737
974 598
54 792
781 872
804 847
478 571
7 347
124 169
636 293
803 801
599 115
385 776
101 659
387 385
23 706
693 949
419 643
523 473
412 280
321 192
104 799
764 111
122 888
280 759
157 60
536 756
175 921
509 277
556 896
662 579
578 332
505 997
975 4
446 363
285 767
556 389
542 296
500 665
160 780
400 317
840 936
50 1016
833 559
269 366
431 931
945 1010
239 426
983 191
431 406
554 716
149 86
81 692
382 581
333 542
337 733
860 154
645 910
146 454
445 415
820 876
322 742
862 562
144 822
753 575
204 283
267 353
370 348
21 752
929 354
271 243
63 107
397 708
1017 543
139 438
958 959
290 256
677 129
818 822
951 547
373 131
831 641
484 177
989 506
929 895
860 176
114 924
283 511
608 276
30 747
714 988
683 1005
220 336
110 15
134 37
562 508
168 369
125 652
546 90
134 452
985 995
628 75
895 912
586 479
164 616
203 879
580 886
860 801
198 970
816 333
1007 354
841 151
724 966
803 246
32 938
698 1018
909 303
69 780
191 656
235 355
248 438
210 829
300 46
606 499
1016 398
832 999
752 649
126 452
591 930
699 623
844 373
617 729
676 687
485 867
319 720
199 567
135 409
372 435
456 978
934 448
352 742
424 81
367 550
533 958
456 208
558 276
582 151
1005 234
838 466
78 133
163 277
701 298
686 49
733 118
4 644
567 356
362 991
437 730
517 971
664 974
155 198
226 737
350 208
972 164
674 26
298 837
303 999
111 989
24 845
84 28
465 651
385 827
618 822
533 111
769 174
61 925
372 288
638 722
496 586
887 146
612 161
984 915
136 71
881 160
916 965
189 357
592 574
161 186
372 694
297 118
868 359
19 217
647 657
939 119
220 802
265 832
963 225
724 75
297 581
236 189
522 425
547 90
999 708
276 347
378 573
465 223
932 484
440 555
118 355
674 338
134 940
146 73
141 870
149 438
427 385
628 949
810 151
15 785
859 291
108 213
865 574
436 773
34 876
305 152
208 979
490 342
895 637
415 13
483 564
451 911
949 55
836 735
206 852
496 41
119 605
255 984
155 691
734 189
544 15
342 752
994 832
70 866
445 485
879 929
26 306
816 975
362 628
687 568
456 159
610 576
764 865
536 919
532 246
85 52
261 427
804 232
235 874
74 681
336 953
586 362
235 378
313 597
1006 1000
142 439
136 752
1015 900
593 527
796 101
774 881
154 11
284 958
243 519
809 317
176 121
246 762
483 482
116 796
55 99
773 197
538 909
949 529
785 518
32 557
620 806
414 774
818 698
708 37
194 493
355 370
614 601
109 73
59 225
870 115
324 619
312 862
504 238
367 265
756 400
823 352
182 213
102 1000
912 811
14 82
280 369
452 895
970 561
968 6
787 814
121 87
409 433
950 913
671 293
155 404
693 978
756 876
167 859
852 55
646 866
137 926
211 590
797 158
127 742
164 914
532 285
1002 942
718 928
831 366
197 986
770 891
940 502
743 84
337 571
139 983
414 277
886 625
867 659
783 994
377 947
885 910
208 863
828 927
767 635
269 964
598 15
831 514
517 550
598 855
98 738
814 512
1015 676
113 858
312 897
828 689
820 689
575 5
528 379
932 271
1015 177
212 589
192 19
79 709
570 678
540 668
392 331
156 383
1007 269
217 295
142 21
985 963
711 536
968 215
916 876
487 907
29 699
472 221
718 551
930 264
205 447
932 597
778 64
980 761
334 173
33 476
195 1018
415 906
530 359
97 422
211 584
305 240
259 777
461 978
305 368
218 510
815 127
84 569
191 40
306 525
214 339
1002 409
333 393
291 864
753 388
262 964
973 568
181 208
321 642
162 626
1010 381
113 801
508 197
346 699
237 653
201 451
992 179
860 302
572 127
142 301
516 404
242 465
972 423
673 270
41 836
896 28
193 1009
829 701
182 152
376 420
805 577
871 773
756 708
51 305
835 193
606 327
598 848
792 546
247 442
816 289
254 689
317 447
674 122
124 857
274 500
253 55
54 100
829 810
808 880
91 620
50 698
947 648
522 716
170 770
134 987
35 388
652 352
835 302
474 959
135 749
435 388
804 489
489 609
276 273
466 367
893 516
41 817
140 564
509 310
310 643
273 345
7 925
697 842
204 147
777 339
896 188
728 677
678 193
262 954
466 728
297 336
220 339
129 360
903 638
671 189
257 944
534 264
846 207
82 26
354 859
365 227
23 69
904 701
262 142
631 729
871 929
41 67
244 170
428 123
808 75
312 41
1019 846
305 841
29 387
867 383
222 209
610 245
278 490
947 541
633 554
246 480
459 287
547 703
457 975
826 241
26 114
282 22
960 587
863 989
974 707
349 172
916 959
417 170
426 340
711 35
895 957
515 330
220 38
10 677
1014 836
918 16
951 176
38 887
763 902
853 713
585 178
885 477
113 279
647 539
619 335
574 490
268 65
821 489
104 831
142 94
643 37
110 570
213 149
434 977
27 263
666 612
441 528
65 554
807 712
70 402
23 644
893 292
710 690
781 814
497 923
908 116
960 1018
687 150
143 97
103 170
360 769
782 801
273 847
331 56
536 401
459 559
22 328
851 732
1018 608
522 491
508 406
607 444
400 270
594 544
367 697
714 727
443 473
504 716
296 836
773 832
213 208
368 235
536 195
967 530
804 465
1021 288
871 604
732 248
875 303
792 218
1000 482
946 419
955 426
112 228
238 885
36 452
69 404
687 605
600 631
111 380
72 108
668 944
712 376
168 563
679 960
782 656
418 704
51 350
106 163
578 345
24 614
797 93
1019 460
698 595
67 809
975 140
917 619
60 606
995 228
145 651
164 927
283 582
607 334
932 714
498 486
35 522
77 832
616 72
268 290
667 336
76 618
476 993
213 536
575 184
764 721
835 928
624 94
486 208
429 395
922 927
881 957
425 958
765 17
6 9
308 673
345 384
267 821
353 480
333 929
665 73
626 476
1001 226
571 464
434 1000
859 332
903 716
265 304
651 6
322 657
16 630
307 361
1014 574
159 343
31 492
248 696
566 874
148 543
77 719
1007 511
695 842
844 574
535 85
879 162
92 177
819 108
807 102
469 797
677 628
116 708
97 365
380 663
215 528
182 292
224 166
804 919
1008 624
470 519
709 325
681 801
502 477
909 285
579 355
58 232
983 174
940 56
539 296
719 755
825 902
23 25
44 827
944 28
427 390
548 113
715 205
914 193
682 800
478 238
131 536
470 90
711 387
147 226
683 866
981 484
744 1005
509 788
808 430
817 212
820 341
325 512
546 215
705 205
1015 160
443 122
696 913
213 383
276 360
610 960
202 567
420 947
548 930
711 333
336 504
545 132
845 870
644 368
61 326
573 53
486 1016
175 158
905 388
542 158
748 128
94 951
695 514
874 220
420 561
553 756
42 74
889 887
944 509
231 1005
835 804
34 297
796 210
456 678
598 998
836 323
102 930
250 797
420 100
1017 841
661 546
573 703
620 438
567 540
948 798
522 759
579 556
33 351
766 489
5 341
463 841
664 565
747 914
338 144
1014 332
985 651
878 534
331 475
973 898
1015 897
672 513
632 227
46 665
579 812
130 584
129 593
402 793
134 125
683 473
269 673
805 230
301 659
765 632
110 714
506 102
587 154
615 195
382 661
861 961
450 991
521 579
561 923
349 695
25 8
144 294
682 949
525 983
585 266
591 695
980 73
797 543
227 389
738 609
26 575
546 476
543 44
32 80
967 381
775 992
389 920
263 47
845 788
6 406
30 597
78 1010
670 875
529 898
240 243
483 267
819 6
743 338
50 775
418 1017
132 169
986 522
65 225
569 911
1013 576
293 19
149 371
5 820
223 534
694 463
777 153
730 572
159 450
910 209
201 304
474 165
856 539
390 401
426 379
977 720
398 103
67 403
923 290
937 593
754 690
746 460
239 906
910 125
91 88
430 294
422 904
459 254
419 849
655 846
204 609
542 602
712 609
1005 611
900 918
180 630
585 926
66 824
808 977
949 900
41 355
170 463
235 630
717 655
477 660
957 1019
238 645
604 220
232 480
114 412
86 699
315 153
499 99
106 425
999 147
780 146
610 1016
776 303
647 207
651 100
867 585
95 82
206 699
302 439
156 416
851 242
92 142
395 591
242 501
1016 217
648 773
363 234
765 115
537 388
323 165
488 166
750 583
248 956
258 550
371 414
967 199
657 35
341 28
626 583
530 619
801 154
368 140
389 109
256 926
497 579
67 985
745 817
544 994
750 802
520 97
193 463
296 850
498 638
878 101
197 384
720 998
539 64
115 928
173 371
830 670
950 898
631 671
691 151
641 417
953 138
515 122
601 811
972 76
425 827
177 623
187 897
597 726
961 712
630 110
59 437
780 1009
311 387
657 1002
538 274
396 467
412 911
590 1014
698 538
66 100
341 243
723 529
116 296
231 53
1009 862
163 44
275 943
30 586
306 687
564 844
961 960
287 350
847 877
340 522
392 406
622 733
649 321
238 765
617 470
818 602
308 981
647 583
900 677
145 182
340 709
2 277
646 289
627 469
143 967
991 535
349 589
244 998
910 483
739 504
953 533
82 237
490 729
820 366
382 965
548 722
650 550
1000 272
840 603
742 983
547 709
494 896
275 738
871 161
197 586
665 126
96 748
363 586
453 159
953 836
100 477
534 751
4 510
1023 844
90 741
803 637
427 273
509 702
1011 356
863 185
943 505
311 15
229 675
601 682
834 530
494 935
1008 5
662 1012
515 661
832 605
379 611
218 806
884 728
484 871
60 323
32 1003
828 344
1018 33
1019 596
716 829
102 186
740 86
191 378
74 707
16 906
288 395
493 507
177 353
211 661
201 271
984 233
251 789
577 245
822 572
841 514
378 944
701 94
6 892
473 81
575 489
987 864
884 457
347 37
810 558
698 1011
829 658
221 56
423 798
302 222
347 119
736 725
39 413
819 46
282 268
127 857
757 90
697 617
547 20
654 334
578 328
321 384
987 542
440 386
317 742
608 664
862 321
734 160
947 1016
429 50
850 162
141 523
780 688
544 410
1022 98
739 320
482 702
862 923
64 155
641 673
819 479
994 160
357 704
321 280
697 750
331 523
22 668
136 566
55 135
665 794
455 123
472 293
22 536
449 664
185 244
119 155
405 476
860 726
757 533
452 64
32 340
536 54
1009 672
621 40
807 262
834 238
385 282
532 408
818 981
48 1004
201 167
135 606
644 995
308 377
504 760
441 536
77 977
591 62
625 188
102 409
450 936
647 835
194 155
219 1012
112 267
992 314
435 104
920 55
75 205
432 580
965 873
92 18
826 683
80 427
871 182
836 297
94 460
109 288
615 328
277 728
596 245
18 7
349 938
62 425
119 494
1005 61
343 73
79 145
757 160
572 604
342 385
902 437
845 1011
725 436
140 911
224 158
918 573
73 980
998 192
450 979
253 793
29 333
938 786
493 487
366 835
872 244
248 693
231 974
105 547
952 246
434 152
404 329
726 477
285 700
670 736
656 923
505 685
232 420
447 725
907 813
537 755
34 785
424 265
735 529
812 664
775 223
816 156
552 518
633 837
195 279
549 851
179 31
512 411
451 959
113 334
748 650
65 782
411 489
24 123
1018 836
787 770
35 579
926 587
74 535
401 269
815 950
96 994
981 608
381 408
543 494
742 267
120 807
26 532
272 50
655 267
886 418
13 922
997 939
485 47
450 886
316 241
813 412
211 770
1020 593
155 539
63 897
807 184
681 833
716 953
883 347
196 745
765 209
643 738
124 105
786 575
991 78
816 780
491 4
527 487
597 682
3 660
555 810
844 212
619 536
142 478
883 338
199 624
548 843
339 672
948 101
223 915
179 16
672 670
20 175
134 617
857 137
253 388
947 74
601 542
610 743
1020 470
57 195
70 605
14 409
254 962
510 477
854 690
493 502
336 513
677 470
106 510
607 360
898 530
434 475
48 20
194 44
490 252
240 561
857 254
970 87
193 457
565 23
123 34
525 459
548 178
930 654
688 513
1014 562
20 424
14 68
445 208
113 935
460 353
472 294
607 419
381 800
876 946
823 999
981 324
434 505
502 340
135 166
854 126
729 874
550 743
942 995
951 31
907 388
384 355
682 992
774 39
768 626
986 568
601 943
892 12
424 371
352 559
537 182
685 242
32 212
985 975
183 913
1006 66
277 367
422 959
335 172
998 79
799 960
647 376
879 516
388 279
887 741
839 400
923 500
643 956
712 604
907 896
493 889
962 770
232 360
705 567
533 680
647 308
616 270
684 472
786 49
751 649
790 566
26 689
43 669
621 755
249 504
627 743
370 566
489 602
926 171
146 435
851 793
743 443
39 404
915 826
453 643
451 219
185 477
908 228
122 506
984 372
1010 587
91 356
129 580
959 32
751 81
467 578
874 187
1022 913
591 913
715 20
532 143
239 718
620 123
946 743
629 906
91 616
470 182
972 599
762 907
631 490
988 75
44 838
262 42
728 853
956 419
873 464
562 88
158 159
211 81
902 841
987 993
433 433
151 381
9 913
265 640
379 229
715 424
44 977
466 772
806 398
167 655
863 730
743 1021
889 955
78 767
772 42
736 181
475 887
562 484
776 827
101 132
33 816
556 77
770 1022
849 552
397 1016
184 236
722 927
233 587
858 312
330 606
354 42
787 829
929 326
290 682
129 391
814 162
183 346
239 953
344 64
482 741
57 666
977 779
569 187
343 404
499 673
1010 853
716 774
658 621
76 948
279 205
315 69
368 499
415 607
428 760
672 910
477 729
552 431
484 98
618 827
502 93
477 488
946 169
238 580
790 314
505 46
520 820
115 888
295 531
471 724
267 119
610 744
848 139
151 309
237 769
112 739
862 589
203 784
758 442
341 525
756 846
571 252
642 686
116 938
193 588
638 460
707 224
181 532
363 332
841 600
78 953
315 940
519 519
701 253
961 18
778 693
864 325
946 482
1012 38
396 181
626 10
642 310
235 823
842 598
131 659
175 209
588 490
126 83
1009 827
337 946
845 91
616 685
417 538
143 405
576 540
586 179
550 204
489 785
3 307
360 135
966 535
344 530
1 470
614 1011
273 951
933 94
18 525
779 435
39 923
840 616
439 403
795 989
607 260
751 611
567 87
746 509
622 66
15 623
537 629
610 810
556 520
905 575
21 660
1010 61
559 827
677 998
206 448
964 813
708 691
400 251
778 122
760 376
189 775
999 726
381 586
512 937
82 393
488 103
30 475
164 589
278 841
564 484
265 504
273 973
171 674
200 949
796 960
301 985
712 276
687 69
862 176
1006 944
569 471
24 599
946 188
165 200
6 729
684 271
209 957
221 380
607 421
305 380
358 606
341 46
882 5
115 721
181 97
641 750
568 665
326 490
854 491
690 860
196 350
107 405
284 328
785 891
750 66
247 84
672 589
130 530
594 245
227 775
342 869
501 911
510 827
377 340
294 44
176 490
394 284
895 678
612 656
546 338
722 793
422 370
358 552
901 952
797 104
703 116
973 181
3 460
1008 380
800 279
424 977
769 819
237 641
473 849
273 1019
164 996
789 586
342 123
115 219
52 912
324 755
4 273
936 7
733 921
388 510
176 812
463 945
607 700
562 57
525 836
52 689
808 841
252 126
965 367
346 1017
255 670
748 260
943 661
267 653
558 655
139 734
444 602
655 27
278 194
84 803
6 137
469 814
978 721
940 919
64 262
912 319
932 637
579 852
274 847
481 832
478 620
542 922
198 173
950 476
367 10
255 373
147 724
163 102
421 80
1021 485
342 910
805 251
523 360
79 797
183 560
605 662
156 123
560 354
296 486
830 664
497 61
13 644
786 177
746 183
257 744
669 599
630 450
850 129
810 929
926 994
465 507
632 621
630 168
975 926
655 781
566 128
843 580
772 605
757 495
788 1014
215 433
589 845
883 416
974 670
321 876
640 787
359 248
384 989
416 336
891 47
93 434
175 936
1014 948
517 747
419 282
737 634
715 302
455 575
718 405
221 16
257 861
803 616
85 163
581 501
499 448
549 593
882 724
505 872
648 1023
595 43
281 308
677 996
611 108
547 305
513 768
321 770
605 100
362 690
264 943
168 763
368 717
332 226
417 838
75 42
837 670
85 94
979 763
66 566
871 614
871 361
358 169
107 964
269 470
630 533
389 798
273 757
491 605
984 909
419 35
951 232
705 12
326 660
775 393
202 623
1007 50
984 341
219 67
281 488
537 912
1022 927
686 271
660 154
876 620
39 272
655 990
504 337
1002 831
997 754
200 176
353 183
226 313
524 445
380 806
933 918
694 931
821 356
178 457
510 31
54 549
303 709
515 807
22 494
614 1020
224 814
172 577
997 398
890 498
843 246
280 752
140 974
660 961
306 838
395 817
869 449
342 148
134 858
956 157
328 546
153 552
105 310
723 995
808 542
217 64
270 358
14 930
295 321
745 690
114 590
115 456
739 250
290 671
407 618
193 560
146 530
885 251
841 584
222 625
102 440
690 372
798 704
279 69
1 0
760 115
590 875
572 305
101 862
976 508
457 146
44 603
676 929
855 493
489 53
95 591
493 785
964 267
465 219
337 467
219 73
582 809
948 130
91 26
993 43
534 426
189 579
5 866
484 860
335 974
914 430
541 383
191 481
651 657
700 988
100 919
37 682
705 985
813 796
1011 782
839 522
184 5
77 189
871 561
26 182
511 940
613 29
299 804
510 950
437 187
914 537
82 951
196 787
913 1009
559 900
767 375
398 951
380 475
116 227
13 142
409 524
58 1022
553 358
803 40
284 216
227 175
754 309
102 950
935 632
892 678
1007 266
605 363
742 721
590 755
864 1000
255 922
998 809
256 777
849 541
994 52
716 724
361 818
650 434
810 561
43 678
215 26
944 820
390 662
517 980
393 357
956 649
256 931
434 512
684 259
29 654
311 745
354 672
540 1004
83 326
541 126
1004 756
152 924
552 542
563 46
499 956
403 431
581 659
338 1015
148 1023
250 177
653 561
923 1008
210 439
988 293
765 506
419 745
238 571
645 791
90 184
837 589
117 216
1020 698
876 335
690 0
334 940
177 987
478 76
971 688
515 936
981 256
418 376
1001 656
947 623
423 13
807 236
602 924
453 599
599 305
934 265
305 244
181 482
207 659
559 155
323 50
67 280
307 485
656 284
117 580
907 541
593 691
777 172
591 206
771 166
511 681
431 816
925 613
275 108
248 834
263 572
884 330
852 167
815 485
452 933
41 335
450 634
2 203
806 594
410 553
760 921
210 168
714 111
781 989
220 5
799 483
577 659
814 406
827 605
891 255
514 932
590 964
542 593
144 325
163 554
878 923
451 65
67 141
176 848
106 396
854 905
880 407
541 670
813 344
251 680
599 766
588 165
706 107
758 850
432 921
380 286
821 832
351 888
973 528
713 56
924 543
961 780
426 740
822 678
396 397
420 985
563 102
68 297
953 500
195 309
786 1016
117 114
880 67
642 569
123 542
88 60
299 15
539 725
755 337
379 127
735 799
88 274
902 156
571 831
656 766
116 419
758 234
533 615
301 151
160 424
693 249
484 992
264 1023
694 1019
337 49
122 48
849 211
322 727
367 893
534 0
636 650
419 370
884 952
985 161
79 122
585 772
371 46
741 635
45 411
630 382
460 752
430 285
963 752
1012 307
622 522
307 234
149 726
604 9
654 566
171 733
688 756
481 35
802 198
670 848
609 276
206 46
4 637
331 968
365 320
251 987
842 558
197 991
260 802
1001 914
344 148
623 8
904 80
43 683
279 713
507 888
989 713
934 993
326 242
937 692
562 164
655 380
722 853
348 982
631 325
872 975
473 471
983 353
552 2
12 831
715 519
695 680
209 606
649 535
848 563
203 386
727 859
766 426
688 90
384 295
415 233
246 888
704 205
218 232
207 230
39 922
750 735
578 959
317 203
470 141
766 674
527 470
509 269
896 173
360 256
468 775
489 714
640 170
919 858
402 102
64 442
0 814
153 578
749 470
781 196
611 524
870 114
994 355
383 866
528 743
98 996
495 588
686 111
758 581
969 136
683 9
578 683
824 731
237 549
177 1018
745 788
518 591
902 488
946 262
330 450
1005 429
422 476
1017 84
587 751
665 532
887 324
542 442
1007 342
149 220
891 327
215 613
91 733
180 994
198 103
232 528
553 213
957 976
690 950
36 253
677 702
786 541
2 304
983 1010
646 108
206 513
435 421
102 527
131 283
497 329
386 729
857 939
942 791
891 608
717 928
862 371
606 624
912 608
928 871
594 550
979 801
39 391
198 142
918 329
425 391
658 811
96 492
726 14
259 594
623 976
498 461
323 80
61 211
688 989
58 259
515 14
36 554
405 234
696 299
564 97
690 198
908 786
690 611
800 949
181 399
902 679
860 201
759 921
413 423
886 471
682 377
485 718
932 890
953 604
165 493
702 855
691 586
617 358
173 394
283 354
793 161
9 630
363 768
527 776
168 390
223 850
767 709
545 675
575 474
256 741
967 958
572 634
520 166
992 694
560 252
24 329
413 34
959 776
802 463
528 970
853 752
797 596
437 318
248 1012
792 504
729 735
438 278
345 958
444 314
628 1004
566 653
309 979
687 245
732 465
708 236
412 537
988 185
109 401
503 357
390 271
861 95
1006 275
373 327
210 817
641 838
797 183
467 83
139 130
328 871
596 12
83 1008
549 48
169 658
449 672
1016 839
943 853
935 925
105 284
228 315
78 870
129 875
29 597
958 168
727 262
15 299
274 99
283 823
147 452
458 596
100 450
412 19
279 323
944 384
607 149
699 685
1019 829
537 24
402 471
193 105
734 208
405 1008
307 688
808 454
117 242
27 217
692 439
237 971
762 157
332 345
306 7
7 301
836 544
326 214
1015 519
320 725
727 725
710 11
389 494
465 506
736 492
724 404
931 961
351 669
94 683
1015 401
691 1022
702 503
542 4
718 533
523 14
235 227
739 945
238 104
415 703
611 127
172 311
531 79
248 882
749 342
542 740
743 209
738 422
712 256
426 406
789 950
420 0
153 135
945 391
240 336
70 851
463 242
138 994
322 386
853 47
728 371
787 448
580 501
870 268
757 272
675 522
198 71
523 351
207 444
742 447
781 813
274 220
31 412
191 353
798 20
400 502
391 163
950 971
664 796
215 397
45 890
920 243
962 419
595 145
863 313
592 620
102 866
841 134
254 8
487 28
28 888
530 419
27 457
366 692
229 581
65 274
448 985
518 386
380 89
531 220
402 99
840 505
965 657
639 195
665 102
223 693
990 753
88 1018
186 454
686 416
12 751
690 460
713 184
846 69
273 353
289 676
452 106
157 393
763 796
588 405
898 811
74 865
540 163
859 727
617 521
119 629
248 809
65 961
994 911
7 243
240 296
919 692
402 52
61 142
848 649
547 723
436 621
564 977
784 399
680 378
920 799
1007 144
584 49
82 554
960 89
798 177
385 693
869 788
746 931
930 570
556 453
269 993
50 833
946 835
208 602
189 104
377 172
249 961
221 331
492 158
420 266
335 805
959 180
569 681
87 475
228 644
928 497
613 979
307 535
790 515
113 979
620 490
127 869
427 349
176 919
507 596
161 842
377 97
1022 947
778 86
398 1006
730 303
480 319
258 787
854 24
278 967
1003 898
433 106
743 860
455 919
756 962
491 917
780 869
1014 779
792 769
865 166
751 571
469 207
890 727
994 720
751 249
663 730
123 72
837 867
932 268
762 664
558 987
75 548
742 867
293 583
9 21
130 479
228 1020
182 199
716 934
448 355
640 571
427 453
414 336
722 153
1000 929
383 534
892 458
59 611
301 352
170 310
373 301
789 602
297 972
801 1014
882 225
345 498
796 773
952 187
85 650
340 61
555 723
596 423
157 655
10 458
1007 181
768 357
482 534
959 779
482 736
769 340
961 91
838 733
864 766
920 949
1010 947
959 582
347 92
213 357
550 197
538 295
554 1020
829 489
776 287
201 521
627 138
612 441
871 452
184 768
377 576
1004 364
500 940
946 847
8 136
180 559
333 719
854 887
715 659
352 467
946 553
989 549
691 577
990 538
6 150
282 383
727 263
747 203
179 670
26 187
806 206
746 115
925 576
1002 617
211 330
60 133
883 25
682 550
603 649
64 609
799 347
992 502
610 716
705 789
362 731
976 144
938 699
259 839
251 237
432 463
567 493
596 426
518 255
976 97
904 16
706 679
363 675
158 973
367 863
738 729
571 691
873 485
366 108
300 617
345 733
56 912
202 653
314 720
908 266
818 788
282 500
443 646
151 601
595 518
441 310
223 1012
1001 72
473 343
180 773
960 525
482 1017
413 684
646 727
381 530
993 175
294 252
675 737
898 827
315 469
321 756
779 545
744 756
617 193
75 798
966 12
299 425
5 713
85 651
416 466
157 386
641 451
638 293
164 512
96 479
981 417
211 737
962 955
469 556
124 545
330 67
557 629
492 562
318 577
189 735
20 346
97 661
797 735
954 961
223 26
417 180
444 628
917 382
560 363
938 684
908 244
751 441
874 219
1003 168
797 168
903 817
514 1000
454 287
711 385
224 934
411 641
91 855
246 1008
214 806
347 128
466 231
373 194
672 223
413 651
391 186
819 271
1003 309
247 434
596 959
819 821
869 206
438 960
38 684
945 252
466 268
380 933
500 753
103 148
976 516
800 344
703 595
615 682
905 862
92 477
797 911
274 643
94 713
579 132
373 500
384 840
769 764
749 245
494 852
393 446
344 169
790 23
765 381
706 646
220 798
99 1017
686 374
636 780
63 192
912 436
692 272
252 437
12 1001
682 506
829 52
953 150
221 719
173 986
77 879
608 297
654 708
290 316
58 927
72 121
95 984
557 787
232 810
201 244
787 883
751 593
935 680
743 133
375 916
95 452
772 704
749 402
388 16
718 446
943 790
567 14
750 100
801 982
910 1002
202 674
862 953
243 773
609 986
906 985
878 1002
413 626
682 139
4 46
155 722
492 74
488 35
88 214
135 889
172 22
868 375
696 706
304 939
455 914
901 338
875 755
316 264
358 998
403 362
20 558
61 512
632 549
547 720
764 682
586 936
704 430
287 376
112 592
291 567
482 168
905 333
924 197
597 258
171 1001
620 191
535 681
703 144
207 226
864 971
909 426
883 589
856 147
966 968
739 233
512 197
402 393
530 302
591 103
560 762
80 156
954 616
760 21
860 600
992 745
3 851
310 859
998 252
804 713
486 292
910 888
685 416
166 252
520 726
1015 600
882 945
192 696
554 952
717 390
529 685
111 532
513 422
367 487
674 147
177 136
439 63
0 101
480 166
353 1000
892 344
576 751
265 769
423 820
697 117
186 202
734 291
720 78
779 370
225 956
507 665
1019 507
766 475
674 95
451 542
440 4
269 705
773 693
501 446
810 688
649 588
986 359
880 682
437 635
28 663
567 535
304 562
19 46
14 693
141 465
211 581
469 481
263 218
150 764
665 960
428 290
524 390
649 380
48 63
1015 77
726 558
612 6
97 631
52 111
300 193
576 512
775 22
993 14
240 119
778 905
55 183
171 579
573 821
960 622
884 951
699 586
486 287
592 583
919 644
694 195
837 246
707 588
268 676
602 509
795 357
390 850
540 562
406 89
359 342
711 219
269 386
805 755
674 373
314 569
1017 1008
764 830
231 448
395 499
100 997
1008 896
330 375
722 870
937 104
960 272
446 647
491 716
10 272
447 684
645 762
229 638
746 993
444 977
417 839
453 518
813 437
390 119
812 88
990 725
193 926
997 639
549 464
331 559
736 779
219 357
517 448
995 239
418 416
193 835
231 646
329 20
59 719
140 872
808 106
573 1001
8 547
616 557
1011 948
93 724
703 312
57 196
761 29
435 155
445 628
990 676
250 296
697 310
1015 837
158 799
943 731
776 951
254 369
484 242
293 577
966 996
168 627
28 603
782 473
208 748
126 458
768 12
636 926
811 555
634 564
482 888
933 966
106 202
520 48
174 386
48 342
1013 76
945 771
550 129
495 676
588 516
475 332
528 87
235 315
642 869
879 100
733 788
42 840
990 562
888 140
948 936
482 937
1013 404
684 539
533 156
191 97
672 666
430 176
753 665
491 371
510 347
471 219
111 513
35 78
52 924
218 1000
836 701
914 825
81 574
340 614
730 531
712 378
173 118
554 926
783 22
273 269
369 744
488 480
234 524
558 286
424 777
262 236
454 152
38 535
727 378
125 433
910 837
812 59
955 342
986 714
364 235
983 733
980 448
190 190
972 748
476 372
501 738
608 955
891 646
466 594
1 592
3 911
405 815
970 337
134 932
27 498
144 1011
208 100
435 398
290 383
122 766
755 624
480 339
555 347
986 1022
941 987
590 945
874 995
736 820
308 870
729 336
345 873
323 553
973 758
951 239
117 49
1005 872
673 461
187 205
809 149
203 726
112 793
647 986
764 360
783 49
206 488
385 551
337 708
80 286
442 7
525 559
57 506
407 730
967 594
935 752
744 114
455 856
907 78
819 648
438 578
697 645
42 58
172 379
766 253
665 184
260 166
743 317
672 126
24 615
720 959
344 440
50 799
273 957
877 68
581 292
646 254
937 688
312 85
43 54
338 708
238 599
874 981
916 522
83 940
113 804
876 457
220 926
232 493
859 86
561 417
378 183
671 291
871 984
376 914
14 715
598 253
290 448
210 182
970 294
99 60
74 975
517 294
877 750
788 712
836 325
105 190
509 777
481 356
737 857
247 751
548 845
1004 838
270 191
1021 216
485 96
276 559
47 794
853 924
520 617
612 332
943 718
522 428
471 1003
784 184
836 7
935 361
853 916
175 99
83 172
315 568
268 592
103 315
362 956
215 882
550 828
190 469
522 712
897 993
691 657
153 503
665 64
864 494
980 16
593 39
188 908
607 457
476 710
772 838
643 988
696 169
792 886
638 290
574 511
259 241
144 412
745 809
476 585
279 433
601 872
472 790
757 56
223 209
766 995
24 385
959 720
554 727
583 168
1017 133
679 252
375 824
664 96
609 117
681 889
550 259
737 1022
25 470
54 248
680 821
219 704
182 155
400 737
882 983
905 876
93 561
104 468
361 769
564 970
886 221
835 412
480 549
410 505
1019 465
753 675
262 973
355 444
104 756
157 986
715 39
838 808
600 943
252 961
688 816
907 550
14 719
962 494
244 348
1000 239
813 729
915 51
678 246
496 782
1002 653
745 694
692 559
478 268
478 731
205 142
523 89
692 537
808 630
8 28
979 1008
267 768
713 158
820 368
405 292
126 383
945 871
53 614
407 532
882 885
239 64
4 762
153 696
276 961
303 284
989 258
268 232
2 981
391 822
325 796
90 452
155 12
299 209
626 706
741 484
568 980
548 572
718 701
244 994
638 547
254 603
805 522
836 808
480 203
606 805
999 697
233 130
709 533
339 311
215 56
795 783
12 320
331 731
1021 576
701 636
99 956
215 905
454 27
689 934
230 271
716 205
968 949
336 653
458 675
964 674
732 736
433 744
32 765
451 29
317 129
665 416
61 881
297 515
908 986
426 115
234 118
320 178
43 656
832 502
308 772
152 16
484 585
760 516
326 188
546 643
317 187
36 378
44 333
893 953
296 295
44 530
413 364
708 457
1021 516
959 305
265 87
321 749
672 57
242 999
245 788
618 562
975 654
940 1020
988 810
949 260
81 993
790 495
333 474
952 330
991 887
635 232
974 956
981 622
1014 199
597 235
987 192
798 939
846 714
935 810
500 860
46 582
829 836
53 138
287 1005
469 254
868 80
486 818
13 443
416 3
643 1014
238 606
182 12
521 4
727 432
815 203
268 861
785 73
674 838
212 961
819 681
191 663
761 677
96 874
777 739
864 1016
322 22
4 843
26 731
252 841
935 520
679 696
594 329
511 806
266 306
463 457
970 200
110 403
975 206
253 728
946 93
720 244
115 725
63 142
432 315
983 343
16 406
967 527
188 209
833 651
666 779
851 776
159 802
983 412
507 905
506 203
125 621
928 188
763 337
504 723
680 316
337 696
722 281
199 910
490 9
537 133
788 364
909 947
143 868
336 650
749 842
853 874
439 758
39 179
71 543
902 751
859 215
424 557
496 623
443 987
632 980
96 397
320 1005
320 463
850 656
89 575
474 943
426 914
677 465
69 748
1008 971
475 843
162 899
376 659
499 819
622 107
775 718
504 71
699 825
535 525
457 624
77 932
543 503
822 196
968 891
944 952
838 396
771 1000
271 123
635 770
942 233
