20 971
24 972
27 970
24 977
29 983
35 978
41 975
47 969
50 962
45 959
43 958
39 964
33 958
53 975
58 971
60 969
60 959
55 953
68 949
71 963
42 988
43 990
45 989
39 996
41 997
42 1005
45 1016
50 1018
56 1012
55 1003
57 992
69 989
68 985
75 992
78 986
82 978
87 968
84 961
94 956
90 951
90 944
86 939
80 938
80 934
81 927
70 926
62 932
54 929
50 933
51 937
45 935
38 936
34 945
36 933
34 934
50 923
47 919
44 920
38 923
35 925
50 918
50 917
102 957
104 953
103 949
101 939
108 951
116 949
120 946
121 941
113 938
129 940
131 933
130 932
136 942
144 941
142 934
145 932
146 927
142 920
136 916
134 924
127 917
122 925
116 926
141 911
140 906
135 903
132 903
131 904
124 900
119 901
121 894
113 892
112 893
112 888
130 895
138 899
156 921
161 920
163 930
163 938
164 947
172 942
175 935
181 925
176 923
192 924
187 915
186 912
176 911
169 903
162 900
159 906
163 889
159 884
153 882
143 877
137 881
142 886
134 884
132 878
130 872
123 869
114 875
109 872
101 868
96 872
92 872
88 877
86 882
86 884
94 885
98 880
102 879
85 885
84 891
84 894
93 894
94 894
97 906
101 917
102 917
103 917
103 922
96 923
96 927
91 910
84 876
76 879
89 861
88 857
78 859
72 864
68 864
60 870
58 872
51 878
50 883
60 884
68 889
53 892
56 899
56 902
64 904
68 908
71 906
74 905
66 914
65 914
44 880
38 879
38 882
30 879
23 876
16 878
18 888
17 892
20 893
23 893
31 900
26 907
35 910
40 909
23 917
18 928
18 943
7 931
6 923
0 912
0 901
2 898
1 896
3 891
14 877
20 870
14 869
4 866
0 868
1 871
2 878
29 869
34 866
30 861
23 860
23 856
15 857
7 853
11 848
10 840
7 837
13 831
13 824
12 815
10 815
10 810
15 815
15 814
18 835
19 835
20 834
21 835
25 832
21 826
21 824
34 820
32 816
39 822
18 836
38 849
38 842
43 837
51 835
35 869
39 869
55 866
54 863
64 857
62 853
91 852
93 846
94 838
93 829
84 825
84 835
75 839
76 843
80 847
99 824
102 818
103 816
103 831
108 828
111 824
111 819
121 825
121 818
125 816
121 811
117 805
110 806
106 806
110 803
110 797
106 794
101 790
92 793
90 798
85 787
83 781
77 786
68 793
70 801
75 807
64 815
67 820
57 812
52 818
55 821
58 821
62 789
62 784
85 775
84 774
74 768
68 765
68 753
73 750
67 744
63 741
62 746
48 742
38 748
31 740
23 745
22 753
22 755
25 755
18 754
20 741
19 740
16 742
8 743
2 747
3 754
7 759
1 764
2 772
11 780
15 771
10 781
14 793
22 797
27 794
32 796
35 790
31 784
40 786
48 779
46 772
38 768
29 771
38 797
0 744
6 739
6 728
14 720
12 716
49 733
51 727
45 716
35 723
31 720
29 712
90 766
96 766
97 757
100 774
106 770
108 773
111 772
113 772
118 771
119 771
119 760
115 753
111 751
107 744
104 747
98 737
104 732
100 728
91 727
87 722
82 718
75 719
77 724
74 733
72 722
69 715
65 718
70 703
87 712
87 709
87 706
86 704
96 716
100 718
107 716
107 715
112 712
107 707
107 701
106 700
97 699
110 690
101 684
93 686
83 687
74 679
64 673
56 664
55 662
44 661
38 670
44 676
52 677
46 685
48 687
40 690
41 693
46 696
55 698
61 692
35 694
34 684
30 686
28 689
17 696
20 700
10 694
2 695
42 656
35 659
27 661
26 662
26 669
23 672
20 670
12 671
15 681
19 657
15 661
17 651
13 651
5 648
5 657
3 665
17 645
17 642
24 634
26 628
21 624
12 629
4 623
10 615
5 612
1 602
12 614
33 649
44 649
59 654
55 643
61 634
64 626
66 623
71 623
72 618
74 613
79 611
85 605
80 602
73 597
64 596
63 603
65 606
60 593
54 593
46 588
55 582
57 581
53 571
45 567
41 565
35 561
29 561
23 561
24 570
27 574
30 581
30 585
27 589
32 590
28 594
23 604
31 605
33 614
41 616
42 611
44 606
44 623
54 618
54 616
43 631
37 634
17 598
8 592
6 587
23 575
16 569
3 572
16 555
8 555
9 560
2 555
11 548
8 546
12 544
18 539
9 532
4 526
0 527
0 534
15 519
27 540
30 541
18 553
37 556
42 551
42 550
38 546
43 541
51 539
54 535
64 532
67 527
59 525
56 523
56 521
69 528
75 532
80 533
88 526
84 520
83 520
85 511
89 506
100 502
104 505
107 501
113 498
112 494
108 493
107 487
96 490
111 482
111 480
106 475
119 476
120 476
123 474
123 469
120 491
118 501
124 504
125 501
117 510
118 512
127 514
136 511
136 503
141 495
141 492
133 489
136 479
146 490
147 483
152 492
153 492
156 492
162 483
158 481
158 480
162 474
159 465
160 461
154 456
151 458
146 466
145 456
151 451
147 450
139 442
158 451
159 447
164 443
165 454
166 453
171 451
172 448
174 439
168 434
170 430
163 426
157 431
148 427
140 428
131 429
125 436
126 442
123 442
121 445
125 452
115 447
114 453
108 449
106 451
103 450
99 452
98 448
94 450
89 458
88 461
87 465
93 469
90 474
85 482
80 483
74 484
82 454
74 455
69 459
66 461
68 465
71 465
67 467
59 467
47 468
47 474
43 484
44 491
51 502
63 495
67 498
67 503
65 508
33 492
32 497
30 492
24 493
23 501
23 505
31 508
35 507
35 509
31 519
37 524
19 503
11 500
9 501
0 511
19 486
17 476
9 475
23 473
22 471
16 461
19 459
19 456
15 456
17 449
17 448
24 446
24 445
23 437
20 433
12 436
8 439
1 443
20 421
18 421
12 420
10 422
12 423
29 417
26 410
19 411
25 407
21 404
18 403
15 395
14 395
10 399
1 406
11 382
6 384
1 377
6 365
13 365
23 365
34 365
37 363
40 361
14 378
24 398
30 394
25 389
33 382
34 382
34 399
40 393
39 405
43 410
48 410
57 404
57 398
52 394
59 391
59 414
70 418
71 417
75 419
78 415
85 408
86 421
89 419
83 431
34 427
37 436
46 441
46 452
41 452
41 457
35 463
38 453
60 459
60 451
74 447
77 445
73 441
69 439
62 429
92 448
96 445
92 440
102 435
106 424
147 422
142 411
130 412
125 408
123 409
123 415
124 404
116 401
114 400
110 403
110 410
103 409
103 408
128 402
128 397
123 396
123 394
121 393
126 391
131 389
130 385
121 383
131 383
135 378
131 367
134 394
142 395
143 409
154 410
157 407
160 405
169 406
171 395
183 398
188 394
194 398
171 457
171 467
170 481
174 477
178 476
178 478
182 478
182 474
183 468
193 465
185 474
188 484
199 484
197 476
202 475
206 479
214 475
224 479
225 481
226 485
231 486
236 483
239 486
237 493
243 495
246 494
246 490
248 484
249 477
244 474
243 474
242 470
235 471
228 465
222 459
219 457
216 461
211 464
209 459
220 451
216 451
216 448
223 452
233 448
236 443
231 442
228 432
222 425
212 424
211 428
209 431
205 427
209 419
200 415
191 411
182 413
181 422
183 429
189 424
189 422
192 421
192 433
197 436
204 443
197 446
225 418
224 414
221 414
225 409
229 406
246 441
248 441
248 436
246 431
257 429
261 427
259 424
253 418
242 417
262 409
259 402
262 401
264 395
271 428
280 419
285 414
288 407
280 405
278 406
280 400
285 398
287 395
286 394
285 391
289 382
282 381
281 376
277 377
277 379
280 373
284 367
281 363
277 366
274 367
272 371
269 378
260 374
258 377
249 385
267 367
274 365
274 361
266 358
263 357
261 354
253 350
250 351
244 358
250 361
251 369
239 354
235 360
229 358
221 363
248 347
242 343
238 336
225 336
221 333
218 334
219 340
220 344
240 330
238 328
249 328
256 327
256 324
255 323
252 318
248 318
242 318
258 318
256 309
255 301
253 295
247 294
243 302
239 301
234 309
229 307
223 301
226 293
258 292
257 286
254 285
255 282
249 277
249 273
247 273
241 277
261 272
269 296
270 286
273 297
271 309
280 315
293 311
301 307
294 300
290 298
255 336
261 345
267 352
294 374
296 368
294 363
299 362
304 369
312 369
320 370
318 362
320 357
313 350
307 350
307 345
310 338
301 334
295 340
296 344
287 334
285 343
284 353
276 332
295 326
315 337
325 332
327 329
328 320
316 323
337 318
331 311
330 303
336 301
341 320
351 316
351 311
349 309
349 301
355 298
353 294
350 289
345 286
338 285
341 277
338 273
334 267
324 267
322 262
319 264
314 266
309 272
312 275
301 272
298 275
300 285
308 291
316 290
289 277
282 269
277 276
314 262
313 255
306 257
302 248
306 241
311 241
312 239
311 231
304 226
299 228
295 232
292 236
283 242
279 248
288 250
292 253
292 254
292 256
294 257
270 255
262 255
261 254
249 254
247 261
240 263
238 258
304 219
316 231
321 237
360 290
365 292
369 283
371 279
366 273
358 278
358 279
371 268
374 262
372 256
369 252
360 250
357 254
355 266
350 267
361 246
359 238
347 238
345 239
342 229
337 228
332 224
328 220
334 217
331 210
331 207
326 206
321 209
330 195
330 193
318 189
317 192
311 187
310 182
309 179
308 169
296 165
295 177
288 187
283 181
275 189
280 199
284 198
291 200
292 200
304 204
280 206
273 210
265 211
260 217
253 209
246 217
251 226
256 228
260 230
269 230
257 202
258 193
258 187
254 185
245 190
238 187
235 188
235 194
234 204
233 213
227 212
224 223
218 225
214 222
207 216
209 210
220 203
220 201
213 199
208 197
204 194
200 197
198 195
189 201
189 202
191 207
192 214
192 222
194 226
201 227
200 232
200 233
206 235
209 233
206 244
187 224
184 225
178 225
168 227
158 228
154 230
155 233
151 237
146 241
147 250
156 249
162 244
173 248
177 257
179 260
182 258
182 255
186 252
189 248
184 260
185 258
186 267
182 274
184 277
175 275
167 272
159 272
159 277
158 279
162 284
169 299
175 295
151 285
149 290
150 298
147 302
146 311
154 309
150 321
153 325
155 332
168 331
175 329
171 323
169 320
170 318
174 318
177 316
180 318
180 320
186 323
188 330
195 332
200 324
196 321
194 315
189 305
202 305
204 297
211 286
211 282
202 279
197 284
202 267
202 258
211 276
218 270
219 254
230 244
229 239
238 236
205 308
210 311
212 312
172 322
180 330
177 334
177 335
181 337
177 343
156 343
161 349
167 353
171 355
173 358
176 356
180 362
185 367
188 371
191 367
194 359
190 357
187 352
196 348
197 345
202 349
193 369
201 373
204 370
208 374
202 386
207 395
216 397
224 387
223 378
231 375
231 387
239 394
192 375
175 370
152 349
149 322
139 325
139 338
133 343
135 351
142 359
146 371
156 374
159 379
159 385
129 345
128 324
128 318
120 318
119 319
145 300
139 298
134 302
130 301
123 306
119 303
109 304
120 297
110 293
99 287
100 284
95 281
92 282
91 285
89 285
81 291
88 299
97 300
89 310
92 313
74 295
72 299
72 311
79 318
85 328
86 336
90 343
95 343
101 345
107 339
102 336
99 328
101 321
107 331
95 347
96 351
94 357
87 360
92 365
97 365
93 373
101 375
105 370
108 370
110 366
114 353
104 379
100 382
104 390
93 383
83 388
91 395
92 397
82 387
74 390
69 380
66 367
57 364
52 376
84 367
84 354
76 347
73 344
60 342
85 353
76 330
72 332
78 285
76 285
73 281
76 279
75 277
65 270
61 262
79 271
87 268
82 257
113 285
129 296
144 284
141 290
158 269
159 268
174 259
151 257
143 266
134 266
148 234
143 225
138 226
131 227
133 238
121 232
120 231
118 233
116 235
108 228
101 235
101 237
101 246
108 245
106 253
117 255
105 257
103 260
111 267
115 266
100 256
98 229
93 221
87 220
79 222
85 233
85 238
83 240
76 241
71 234
68 233
65 240
57 247
109 219
106 211
105 210
100 207
99 208
113 203
112 199
116 197
115 194
105 186
96 192
90 186
94 183
85 175
75 172
69 178
74 162
67 161
58 159
54 156
54 155
51 154
45 161
43 162
46 171
53 170
45 173
46 175
50 178
50 185
54 185
59 180
54 190
59 193
52 194
55 203
65 202
71 200
77 197
54 205
54 206
50 214
44 223
47 231
55 229
39 228
34 232
41 239
29 226
20 219
15 220
5 217
2 222
2 233
4 238
15 244
18 242
23 246
27 248
32 255
28 259
31 270
34 269
33 272
34 278
46 277
51 278
50 272
46 284
53 285
58 288
59 285
31 283
24 293
33 297
36 296
39 306
38 310
18 296
24 301
25 309
26 315
20 312
11 300
6 303
4 315
0 323
7 330
11 330
12 327
19 326
31 327
35 332
38 332
39 330
42 324
47 319
52 317
53 314
51 312
54 309
57 318
40 333
35 335
36 337
9 338
13 347
11 351
22 274
18 278
13 282
5 278
0 276
13 271
11 269
21 262
11 252
7 207
2 204
13 201
9 191
0 192
23 201
24 204
33 203
27 210
37 220
51 204
33 165
33 172
34 177
25 163
23 164
19 168
19 170
15 175
24 180
23 182
11 176
34 151
70 154
76 162
86 163
86 154
80 152
100 176
119 197
117 208
125 210
128 207
129 205
127 200
131 189
132 181
124 180
118 175
142 178
149 180
139 194
143 192
140 198
129 214
119 229
153 218
150 214
182 213
176 205
170 198
164 203
171 191
167 190
162 192
183 195
184 189
182 182
181 173
184 169
186 167
188 166
191 168
202 165
201 158
198 157
195 148
187 143
179 139
174 143
172 141
172 139
169 136
161 141
158 144
163 155
170 161
156 165
168 125
174 124
182 116
181 114
180 113
178 112
171 104
169 105
162 102
161 100
158 100
178 100
178 92
174 88
170 91
166 92
174 77
172 75
166 77
161 73
154 70
152 72
147 75
144 87
142 89
143 96
145 69
140 70
140 60
172 68
176 65
178 58
169 57
165 59
162 56
162 50
159 48
156 51
150 48
149 44
141 36
130 43
126 35
121 34
121 36
118 22
115 15
109 16
108 27
101 27
92 36
96 39
87 46
90 54
95 56
101 56
103 52
104 52
109 52
109 50
114 51
109 58
117 62
103 66
103 71
107 71
116 76
119 73
121 76
122 76
126 71
90 63
86 74
84 86
94 91
95 99
99 100
99 110
100 118
109 117
110 113
108 107
112 100
110 93
121 105
121 111
129 110
134 107
111 126
119 126
126 120
131 124
136 125
142 123
143 117
142 131
139 138
133 143
129 145
132 149
135 149
135 148
136 156
135 166
123 148
119 153
126 160
115 153
115 160
110 163
102 160
101 159
102 153
102 145
102 144
134 134
107 132
96 131
96 129
92 102
87 103
89 109
84 113
79 108
75 103
82 62
78 57
70 59
63 55
59 61
54 60
48 66
54 71
63 78
67 86
61 91
63 96
60 97
59 99
51 107
61 111
65 114
40 114
41 123
50 134
60 128
63 136
69 132
79 127
38 114
32 117
29 121
28 124
33 131
30 135
17 135
8 146
4 143
0 148
15 128
8 121
27 107
55 96
41 64
37 60
33 55
29 59
29 63
29 70
34 73
38 77
39 78
40 83
46 82
38 87
34 89
33 93
39 94
18 79
15 92
18 95
7 104
1 99
4 78
24 65
26 56
14 56
11 64
12 55
12 50
3 47
2 48
3 42
7 38
10 36
10 24
1 26
0 17
5 14
24 48
37 47
40 41
35 37
29 38
29 31
23 34
29 21
23 22
22 18
18 10
17 10
26 8
24 0
18 0
10 1
6 1
2 0
32 8
33 3
41 2
47 5
44 12
48 15
34 8
38 30
39 28
47 29
47 27
37 29
54 56
65 43
60 43
59 41
73 38
69 30
70 27
70 21
74 16
99 8
92 5
87 3
83 2
81 4
72 2
96 14
114 8
113 4
127 18
156 35
152 30
154 23
152 14
155 5
145 3
141 4
156 0
167 1
177 3
182 5
181 11
185 20
193 17
194 16
191 13
198 14
201 18
206 12
208 8
205 7
198 4
213 7
213 6
200 20
195 18
193 26
174 20
172 20
180 57
186 58
190 51
189 39
179 34
170 35
171 39
179 72
187 90
192 91
192 82
191 79
202 89
206 88
207 86
207 76
200 74
216 85
217 78
213 97
223 96
230 91
235 89
234 83
232 79
243 76
246 62
245 80
256 76
258 74
262 75
262 67
258 83
270 86
274 81
280 78
281 67
280 61
275 64
276 56
269 50
268 49
265 45
259 50
262 33
260 28
252 34
248 33
239 31
238 36
229 34
229 41
230 44
226 46
230 50
222 49
225 55
227 57
223 64
218 62
218 49
215 52
208 59
203 57
204 50
204 44
204 39
225 29
224 26
221 26
217 31
218 23
217 21
229 23
237 14
237 4
274 44
274 43
284 52
286 45
283 36
280 31
283 67
274 90
278 89
290 91
275 95
267 94
267 96
263 97
256 102
253 95
239 93
214 105
184 111
186 112
188 113
189 117
199 113
199 111
192 103
204 118
193 134
186 130
208 166
215 156
216 151
218 146
218 142
206 140
217 156
189 181
199 177
214 192
214 181
210 179
232 176
232 169
233 158
254 174
272 205
279 172
271 176
280 169
283 159
282 151
272 152
268 162
266 143
257 149
252 152
249 148
244 149
243 150
241 141
238 138
234 137
239 126
232 125
238 120
234 110
231 110
226 112
222 115
222 120
215 130
231 106
240 106
251 146
263 139
313 169
312 165
309 162
319 150
322 153
314 169
319 183
321 181
333 195
360 232
359 226
356 220
350 214
358 206
366 212
362 223
364 232
370 244
371 238
377 250
382 250
388 251
388 253
392 255
396 255
396 252
394 249
390 244
392 242
390 235
396 240
398 232
395 224
388 222
386 225
380 221
377 220
376 227
402 230
403 230
408 238
419 234
414 226
414 220
412 215
409 205
406 204
401 211
397 203
387 204
387 198
392 193
403 193
415 201
424 226
431 226
433 218
427 216
425 215
441 222
443 217
447 217
447 212
453 202
459 198
454 194
449 190
449 183
441 180
433 189
432 193
441 200
427 194
425 182
420 186
418 180
426 180
442 175
438 169
444 174
458 219
463 218
469 226
473 221
474 214
475 231
481 231
493 227
494 220
493 219
492 216
496 219
497 215
497 203
497 197
495 192
493 186
486 187
484 194
481 202
481 187
481 183
473 175
463 170
457 173
500 183
511 181
519 180
525 175
527 168
521 160
513 167
504 171
494 164
523 155
524 152
521 149
516 149
519 143
510 139
502 136
496 131
490 135
493 147
487 153
484 153
477 153
479 160
473 160
474 151
466 144
458 149
455 143
445 149
443 155
448 158
443 144
443 141
436 140
433 141
431 146
432 148
432 153
425 150
422 154
416 164
415 165
406 169
405 174
398 180
399 168
397 162
394 153
391 146
385 149
377 149
374 152
375 160
384 164
386 167
367 164
366 168
366 175
372 174
374 171
375 181
382 177
372 184
366 194
369 197
366 163
357 165
346 167
338 172
339 178
346 184
348 185
350 189
351 191
335 170
333 170
367 154
354 151
349 144
343 151
339 149
392 138
384 139
379 133
383 126
378 115
387 114
394 111
388 106
383 104
377 100
374 102
376 96
372 94
367 97
365 99
364 99
356 105
358 115
366 124
364 130
363 132
360 129
358 129
356 128
343 107
340 120
332 129
335 136
362 91
355 93
346 93
381 88
384 86
386 77
378 73
377 76
381 66
380 64
376 58
386 59
383 52
385 45
378 43
369 47
362 46
362 50
363 51
361 57
363 63
363 65
354 59
347 59
347 65
352 72
356 71
361 80
343 69
337 76
337 81
339 81
343 80
335 91
333 94
332 95
334 74
331 72
327 74
325 72
318 79
312 79
304 84
303 93
304 99
315 103
316 112
315 119
313 120
318 131
307 113
304 117
304 119
301 121
303 123
306 127
303 117
299 116
295 113
292 119
294 123
292 130
298 132
297 137
296 142
301 145
286 130
286 132
281 134
279 122
276 120
276 113
263 114
287 111
307 73
299 76
307 70
300 67
295 61
306 56
329 65
327 62
328 56
345 57
349 50
344 45
338 46
339 50
332 47
327 43
323 48
324 33
315 27
305 19
301 30
301 42
301 14
294 18
287 11
279 15
272 20
269 15
263 7
258 15
264 6
284 0
277 1
303 7
314 0
324 1
331 5
339 3
342 5
340 9
325 19
332 22
338 22
325 17
348 43
352 31
352 27
340 60
388 43
386 38
386 37
380 31
374 34
371 21
393 36
396 32
401 23
398 21
389 13
384 12
382 7
372 7
358 4
391 4
408 13
408 2
414 18
426 19
423 6
432 6
433 4
432 1
437 9
396 47
401 48
400 54
390 73
396 74
387 100
393 94
393 90
394 138
400 127
410 130
399 144
397 152
419 141
414 143
411 146
435 134
430 135
424 129
424 127
435 133
442 126
449 122
445 118
443 115
440 118
444 111
442 108
436 112
430 116
427 117
425 111
419 113
410 111
405 103
413 102
417 91
412 87
409 82
427 88
422 79
432 85
435 80
433 71
434 66
434 64
433 57
426 61
424 61
419 62
414 60
411 64
447 59
451 61
460 57
456 49
449 46
440 43
462 48
466 65
466 67
471 72
474 69
478 65
483 63
481 55
475 57
465 68
444 76
444 74
438 89
449 88
456 90
462 83
459 93
438 91
431 93
427 106
447 109
467 134
480 145
508 127
503 121
510 125
518 131
519 131
528 129
527 122
528 118
535 120
537 115
538 112
542 113
543 103
550 101
549 94
555 88
553 81
541 83
535 85
535 90
530 95
527 103
523 101
512 104
502 105
497 97
495 92
492 94
490 96
487 96
482 98
485 101
484 103
490 107
485 115
481 124
483 125
480 124
479 102
470 110
472 114
467 121
465 121
491 90
487 87
480 83
478 88
476 90
493 86
490 78
500 79
501 72
503 63
503 62
496 50
486 40
485 41
488 38
488 37
512 93
514 88
517 85
520 85
524 74
517 90
555 80
551 72
552 63
558 62
555 54
546 55
542 62
544 48
549 42
557 43
557 33
556 32
566 41
568 44
573 40
573 32
572 32
568 32
572 28
569 22
561 20
554 16
549 19
547 22
540 26
538 29
540 35
551 8
545 11
538 11
536 12
528 17
525 26
523 31
521 36
517 44
524 50
514 33
509 27
504 35
507 21
500 12
494 17
488 15
487 20
475 22
473 21
468 6
465 3
457 4
454 14
455 24
456 30
484 12
501 1
500 0
494 2
491 1
489 1
502 0
511 20
519 26
524 15
530 5
524 0
544 7
560 11
581 34
591 32
591 29
591 17
589 15
581 16
583 6
600 16
575 43
579 48
588 52
594 43
578 54
573 55
569 61
567 46
565 80
568 79
571 77
567 72
578 77
585 73
591 66
589 84
586 88
556 103
542 117
531 129
529 156
531 150
531 148
529 145
532 159
538 155
545 149
540 141
546 132
550 130
560 126
561 121
557 119
557 117
565 112
570 109
571 102
554 140
550 158
551 158
555 155
566 149
574 143
569 138
526 176
537 175
544 181
545 180
547 181
540 187
539 189
535 190
526 196
525 208
534 210
539 209
539 208
545 200
553 206
532 219
534 220
513 209
513 215
516 222
519 222
524 185
504 194
507 197
510 197
499 231
478 239
477 243
481 242
491 248
493 256
494 263
495 268
491 280
489 280
486 267
485 255
477 256
474 240
460 241
434 234
429 238
399 246
400 245
405 250
416 250
418 251
398 259
409 261
415 262
422 265
424 266
429 261
427 259
432 265
413 268
414 269
415 273
416 277
420 280
421 281
423 280
424 279
435 279
443 271
454 276
462 274
463 274
464 267
458 267
466 264
461 258
451 254
447 252
443 256
442 249
469 274
441 283
439 289
439 301
438 305
434 306
438 316
437 321
433 317
425 301
422 301
419 288
413 292
405 293
406 298
398 297
388 302
378 304
382 311
384 319
383 326
384 329
389 333
392 329
403 323
405 332
411 328
414 327
413 321
418 322
410 342
413 348
415 349
389 335
385 339
377 344
373 348
375 341
373 342
368 343
372 337
371 313
367 320
373 321
379 293
395 292
412 273
412 274
394 260
397 264
395 267
390 269
390 274
393 277
390 281
382 274
386 267
393 261
354 315
333 329
328 334
330 340
337 343
345 339
348 330
352 339
326 342
325 360
326 358
326 372
331 366
341 368
347 371
355 369
356 362
363 367
364 364
371 363
372 360
377 363
377 364
364 372
368 372
379 378
385 384
387 390
395 387
395 377
392 374
389 370
398 374
396 372
389 395
391 405
399 405
407 401
408 397
405 390
349 379
347 383
353 389
353 400
355 406
357 405
361 401
364 408
371 404
376 400
369 393
368 412
349 404
344 412
353 421
355 425
339 412
334 416
330 420
325 418
325 416
338 401
337 391
334 387
340 374
311 375
310 379
296 393
299 402
303 406
305 405
311 395
307 413
296 391
294 413
297 417
299 422
290 426
294 431
293 435
301 436
304 436
308 437
307 447
316 445
328 445
334 437
323 431
344 439
300 456
292 460
301 469
307 474
312 478
319 477
325 474
331 466
338 461
346 462
353 459
359 451
358 447
357 445
365 436
368 425
377 427
378 425
378 421
388 418
370 440
374 440
359 462
365 471
374 474
375 472
377 470
374 466
376 462
380 456
389 455
389 451
387 448
387 446
385 446
387 442
389 442
398 443
400 438
402 437
406 431
408 421
409 421
414 433
404 439
412 446
416 459
421 470
411 463
403 457
390 464
379 466
374 475
375 475
380 483
386 483
390 477
390 474
397 474
387 492
380 493
378 493
377 494
376 499
381 501
382 502
383 506
388 517
397 522
403 528
404 535
406 538
408 536
414 530
419 529
421 525
421 521
414 522
420 514
415 511
409 502
404 500
409 490
405 487
412 482
421 489
429 486
436 484
431 491
436 494
421 493
425 509
433 512
427 533
431 524
437 528
442 537
423 540
426 551
428 554
427 556
427 562
431 568
440 564
437 560
439 550
447 555
458 556
464 549
459 543
454 543
453 542
459 537
458 530
467 530
467 523
464 520
465 515
469 506
464 495
462 495
458 501
457 503
455 504
445 510
471 505
473 527
472 534
472 555
482 556
488 548
492 539
487 536
491 532
487 530
501 534
500 526
497 523
499 516
494 516
491 516
487 511
483 517
484 508
484 504
481 502
490 509
496 512
496 554
498 554
510 551
511 559
513 562
512 565
516 567
518 566
525 563
522 557
529 555
533 548
530 544
536 548
538 542
541 542
543 541
541 538
539 538
540 532
551 545
552 537
552 531
560 527
555 517
548 512
538 513
533 508
527 507
528 500
531 498
531 495
525 493
523 489
521 491
515 494
517 499
520 505
515 506
518 513
523 517
530 520
537 521
514 527
526 485
523 477
514 467
528 474
540 467
543 454
535 442
532 427
549 456
536 490
540 496
544 492
548 495
558 500
560 492
560 488
555 485
547 479
569 526
579 530
590 534
597 535
597 527
595 526
594 516
585 511
577 515
574 510
571 499
576 489
576 485
572 481
571 478
579 476
580 469
586 472
594 460
581 478
588 507
605 534
612 525
619 531
621 533
626 531
629 524
629 521
630 517
642 525
628 541
578 541
581 543
585 549
569 534
564 538
548 550
528 568
525 574
521 577
523 582
529 585
534 587
535 581
539 582
545 583
530 592
528 595
532 603
538 600
543 595
519 589
518 598
509 596
499 602
517 579
509 577
503 584
496 589
490 591
487 590
481 591
478 595
482 600
484 604
475 598
473 601
507 566
469 561
475 565
473 571
469 577
465 564
461 568
461 575
463 583
460 584
454 571
445 577
444 580
447 584
449 581
448 589
450 595
440 592
423 556
420 554
413 551
412 559
416 565
420 567
419 570
411 576
407 578
399 581
396 581
393 582
390 586
386 594
386 595
384 605
381 609
376 613
375 624
380 624
387 623
395 617
397 617
399 610
403 603
406 596
407 592
404 612
412 607
422 610
404 619
405 625
407 634
411 635
422 637
422 629
425 640
428 645
431 648
433 651
433 654
440 654
440 650
439 642
442 637
437 632
438 626
435 616
443 609
446 642
450 637
460 633
453 626
454 624
454 618
457 615
454 611
444 652
446 656
450 658
458 660
463 662
464 659
463 651
457 648
471 651
472 645
476 639
480 640
488 642
491 644
497 649
501 651
507 643
502 635
503 629
503 622
498 617
490 624
504 614
513 616
512 644
517 637
523 630
524 626
527 639
535 637
539 633
544 624
536 622
536 619
553 621
562 619
560 611
556 608
546 610
556 603
567 607
572 612
574 621
570 626
565 633
570 640
571 641
579 639
583 637
591 639
597 637
603 636
607 633
605 628
602 628
597 626
598 620
602 613
603 613
605 616
613 638
619 637
619 630
619 625
613 627
617 622
618 618
614 612
614 610
616 603
617 601
615 600
608 599
606 604
599 601
608 597
607 596
604 587
603 580
611 577
613 575
608 568
603 570
601 571
601 564
596 562
593 569
589 569
582 573
579 580
574 589
582 591
584 601
588 607
571 594
566 592
567 566
562 561
558 566
554 567
603 563
602 556
612 562
612 561
614 556
626 556
620 577
628 583
631 583
641 579
641 574
633 572
643 566
653 568
658 558
649 555
646 544
642 543
641 546
661 556
670 555
670 551
667 549
669 545
675 554
682 549
690 549
698 543
702 539
704 534
699 534
696 537
687 533
680 534
677 536
671 533
687 528
682 524
675 521
666 513
655 516
655 522
661 506
670 507
685 520
696 521
682 518
682 514
707 529
712 528
713 522
709 515
707 506
720 514
727 514
739 517
740 515
749 510
749 507
754 511
742 521
743 523
744 525
737 529
738 532
735 538
740 542
746 537
750 543
755 549
759 547
762 548
771 548
772 539
773 539
778 536
786 527
780 521
778 518
771 514
767 515
769 524
770 527
761 534
768 511
772 508
773 500
775 491
777 485
783 488
785 482
783 481
786 475
779 475
771 472
764 475
760 473
755 468
745 472
744 476
750 480
751 481
752 488
759 495
742 485
737 491
729 490
726 490
726 489
726 485
724 476
719 478
714 480
705 474
703 481
704 486
709 490
693 480
689 487
690 489
680 495
670 492
684 478
670 467
665 471
706 466
705 464
705 458
705 456
701 456
695 459
694 455
691 446
695 445
710 456
719 448
728 445
731 436
729 435
728 432
721 429
719 435
709 430
704 432
704 435
705 437
704 425
696 419
691 420
684 423
684 430
684 431
676 420
673 424
675 426
675 433
672 425
663 432
661 433
664 437
656 437
656 443
649 452
645 459
641 460
644 467
646 467
637 459
635 465
632 464
626 464
626 470
627 472
627 476
630 484
629 492
632 492
634 493
633 501
637 502
643 499
650 486
628 503
623 495
615 498
607 495
603 502
606 504
606 506
613 508
609 489
608 488
620 478
618 475
615 474
613 474
615 469
609 468
604 473
614 464
617 485
623 464
621 458
631 457
644 446
637 447
634 444
633 443
678 411
669 411
664 418
664 406
658 411
655 419
653 421
640 418
643 431
634 420
633 422
626 429
621 429
618 436
633 418
628 413
618 409
617 410
606 415
619 406
630 404
632 400
639 413
654 409
647 402
658 401
660 395
663 391
661 386
650 383
691 412
688 407
686 398
693 397
694 394
692 390
684 386
680 388
674 392
701 395
708 392
722 393
727 392
730 393
721 400
695 411
695 410
696 408
699 409
702 412
706 414
716 417
718 415
719 414
717 418
727 423
737 445
743 435
747 422
742 420
742 419
733 408
749 408
749 448
754 445
765 449
714 460
741 462
734 468
729 465
731 458
771 466
769 464
767 464
769 462
790 474
792 463
790 458
791 451
784 448
782 454
779 445
790 439
797 435
798 437
804 438
805 433
802 423
798 424
812 437
811 446
818 452
825 446
824 435
823 432
816 425
832 452
836 449
845 449
842 442
844 440
857 452
864 446
870 440
872 436
875 425
873 418
862 420
853 418
852 420
854 432
852 415
849 413
849 412
854 410
848 401
848 392
839 391
833 392
834 384
827 384
824 388
824 400
827 409
831 413
835 424
821 380
821 373
812 374
812 378
803 372
799 372
799 369
791 366
788 369
782 365
781 366
780 371
782 379
785 378
786 384
792 383
795 392
794 398
799 399
800 401
810 400
812 405
808 410
784 388
785 392
781 396
784 401
784 407
789 411
784 419
781 422
776 406
775 414
769 408
765 409
764 415
764 416
763 416
760 427
769 432
763 408
777 380
768 374
763 382
753 377
750 381
748 393
747 379
757 367
758 359
765 354
759 346
755 342
762 340
760 331
758 327
749 325
767 360
783 355
784 352
782 351
781 340
774 334
782 326
773 321
803 365
805 362
802 356
794 355
808 352
813 353
814 364
837 382
840 373
840 364
834 365
845 365
847 355
848 351
845 351
847 347
844 339
842 340
834 342
835 346
835 348
832 349
830 347
820 341
810 337
803 335
803 340
796 337
821 339
824 334
837 332
834 325
826 322
815 319
810 322
809 318
808 316
802 316
803 320
796 316
787 315
803 311
796 304
794 306
792 304
789 305
786 305
786 303
776 303
771 298
764 297
759 300
760 307
760 315
755 315
772 294
765 287
776 282
779 281
782 282
789 287
794 282
798 278
801 290
807 285
831 314
825 311
824 308
826 301
824 295
820 296
817 298
812 300
817 293
823 293
820 289
819 279
824 279
824 275
823 272
819 266
817 266
811 265
803 260
797 258
795 249
799 246
797 243
796 239
793 241
789 241
790 245
783 242
783 248
780 239
784 233
784 232
773 230
768 234
758 239
749 237
749 248
749 256
745 255
744 261
752 266
757 261
768 259
771 255
768 250
776 262
783 265
762 274
748 271
748 272
747 280
744 283
740 286
736 294
742 295
737 299
737 300
742 303
736 301
731 300
741 279
738 274
730 277
726 279
727 282
726 285
724 293
715 293
714 297
713 306
715 312
722 319
730 314
734 314
735 313
738 316
739 316
706 317
702 322
709 326
711 334
716 332
723 330
709 343
715 353
725 357
728 348
738 343
736 337
735 334
740 350
743 356
725 359
730 365
725 373
722 376
700 351
699 357
706 365
694 358
691 369
693 371
698 374
693 377
685 370
685 372
699 326
700 329
700 332
701 332
703 314
695 317
693 316
688 323
683 323
682 322
679 319
674 319
670 321
668 322
663 317
662 312
660 310
655 306
652 312
651 315
653 320
655 325
656 328
654 302
664 302
671 302
676 295
682 293
684 296
688 294
692 294
692 293
686 299
691 305
689 307
705 303
712 290
708 289
703 294
710 283
711 276
705 277
698 275
694 269
689 276
689 281
683 274
676 278
677 282
666 275
659 275
659 281
659 286
653 282
641 284
635 287
628 288
627 289
629 295
626 303
626 307
633 308
634 310
626 313
629 324
628 329
626 329
625 332
626 343
631 351
639 347
636 339
641 348
642 355
641 357
645 363
652 368
656 372
662 364
660 357
665 357
668 344
663 343
654 343
675 339
683 337
687 338
676 356
682 356
672 371
635 367
635 368
632 370
638 378
621 366
618 371
614 378
610 387
608 391
603 393
604 396
600 394
611 366
621 362
618 356
614 355
608 353
604 349
594 347
614 350
631 353
632 354
617 328
609 335
600 331
599 327
603 319
596 317
590 320
583 325
586 328
577 332
569 335
571 346
577 344
580 347
578 358
565 354
559 356
567 326
564 325
555 332
551 327
549 324
546 326
536 331
531 336
533 329
526 326
521 323
517 329
514 337
514 341
517 349
524 358
532 360
532 365
531 376
536 380
543 380
547 377
548 376
552 369
547 363
564 372
542 386
544 389
553 391
554 400
558 402
568 400
565 389
578 387
579 383
577 380
589 380
588 376
595 367
580 392
581 398
583 405
584 408
589 407
588 412
593 424
596 431
603 438
591 437
592 445
582 452
571 456
567 461
581 407
560 409
548 411
547 416
556 424
558 423
564 429
568 425
570 440
573 438
574 440
554 426
552 428
553 439
554 441
556 442
537 389
534 394
532 395
537 405
530 395
523 398
521 400
522 402
519 413
517 416
520 417
514 421
505 420
494 420
488 421
488 423
486 432
479 431
486 420
480 416
472 422
468 415
462 419
462 425
463 425
463 431
464 434
469 443
474 452
483 449
488 450
495 446
505 448
504 436
513 451
477 459
480 462
482 463
487 464
495 466
497 465
496 458
500 457
499 466
500 469
496 469
498 473
504 476
508 481
492 476
492 480
486 485
493 491
494 494
482 487
476 489
478 481
474 479
489 476
465 457
462 469
460 474
457 476
456 475
451 480
447 478
448 468
446 466
443 458
432 454
444 452
439 440
436 439
430 440
434 429
428 430
449 454
451 456
458 420
455 424
451 426
454 433
445 422
444 416
438 410
428 414
419 406
446 406
470 408
470 407
473 397
475 392
468 388
463 386
456 392
452 383
454 381
457 372
453 370
447 366
442 365
438 363
429 362
429 370
432 375
432 383
439 394
427 382
423 375
417 378
411 364
442 355
461 366
463 362
468 367
470 363
470 361
473 358
471 354
465 355
470 343
458 341
456 343
448 340
449 328
474 337
481 329
487 327
482 319
481 311
479 306
468 311
465 308
464 309
459 305
453 299
465 300
461 296
478 300
488 328
492 329
499 324
487 331
491 334
485 344
495 347
478 357
478 359
478 387
488 382
490 386
497 386
497 382
476 383
478 374
486 370
505 409
504 407
494 409
492 408
492 402
484 402
491 398
495 402
526 390
521 389
518 390
510 388
513 383
511 381
504 372
510 368
510 364
508 357
503 360
498 359
514 379
536 382
524 377
518 317
516 315
514 315
514 317
506 312
516 306
516 300
510 292
505 290
501 293
497 298
498 291
526 298
532 293
541 289
539 286
536 279
530 272
522 271
514 275
516 279
516 280
540 269
536 260
529 253
522 259
517 250
514 250
518 240
525 236
536 236
539 233
546 230
550 238
528 249
531 248
543 268
546 271
546 286
550 284
550 283
557 276
561 286
572 276
536 303
524 311
530 313
534 323
546 316
543 316
542 313
572 320
575 313
572 311
569 309
567 308
565 309
561 314
565 300
555 302
552 304
552 305
547 299
567 297
590 314
589 308
585 306
592 302
592 296
597 290
603 285
599 279
597 271
590 273
588 265
578 260
584 253
582 244
575 245
573 248
571 239
572 228
572 227
567 227
564 222
562 219
567 216
570 207
576 199
574 197
569 196
566 196
560 194
566 188
580 192
584 201
580 232
592 253
604 249
604 245
600 268
602 269
605 262
612 259
611 275
616 323
613 312
620 298
611 297
614 291
636 279
632 276
627 268
641 270
642 265
643 265
647 265
655 262
657 261
654 256
657 247
653 245
653 237
647 223
685 267
684 257
686 248
676 244
695 250
695 242
696 233
689 224
688 222
682 216
681 209
672 207
669 218
667 228
663 228
667 206
658 202
655 210
651 207
648 207
640 203
641 196
640 188
631 183
623 188
626 199
626 203
621 188
618 186
612 186
619 179
612 173
606 173
615 162
609 162
603 162
600 160
596 166
593 171
592 174
585 180
593 187
598 194
602 203
611 210
613 217
617 216
624 215
633 213
623 220
614 219
615 224
623 230
621 235
622 238
626 245
628 252
637 249
638 249
618 247
613 225
606 221
600 220
600 219
587 219
581 217
582 176
579 176
565 169
584 164
595 157
595 153
598 148
618 155
615 150
612 149
612 146
613 137
610 131
608 128
604 129
595 128
596 135
590 127
585 135
597 119
595 111
584 109
593 101
602 97
602 95
600 91
601 120
620 126
622 115
623 114
628 115
628 111
630 104
633 92
632 82
622 83
622 86
620 79
613 79
606 78
606 80
613 74
613 72
612 68
610 64
615 58
610 50
610 45
612 41
608 35
608 29
618 29
626 35
635 36
632 28
631 22
631 17
628 13
623 16
614 12
614 9
615 0
635 3
634 21
649 35
647 48
648 52
650 52
660 51
642 52
624 44
619 53
630 73
628 67
624 65
630 63
634 67
639 106
636 116
638 119
644 120
646 123
638 121
619 138
624 138
632 139
621 178
627 168
633 163
630 160
644 161
659 200
659 198
671 201
673 199
667 192
659 183
655 175
672 187
677 184
680 195
686 190
701 257
705 248
705 246
712 274
716 265
715 257
714 253
721 255
728 256
724 277
724 276
734 268
741 245
731 243
739 232
736 232
732 230
727 223
730 215
726 213
727 210
723 201
714 201
707 194
704 194
703 197
701 204
702 207
699 215
710 218
713 223
704 193
697 193
697 184
712 186
707 178
706 176
701 174
698 170
691 170
685 164
690 159
683 153
679 150
671 147
666 153
668 161
698 151
693 140
695 138
700 137
700 133
697 123
695 122
689 127
678 132
700 116
701 115
707 139
712 135
711 132
716 136
724 132
727 140
732 143
735 140
734 131
729 124
721 119
722 113
719 110
721 100
720 96
730 103
739 99
741 95
741 87
741 83
733 81
742 80
744 73
737 73
753 67
758 64
765 64
771 59
765 52
757 49
754 50
743 47
745 57
736 48
733 53
731 58
727 66
716 59
714 68
709 57
708 59
701 60
714 47
706 43
707 35
706 33
701 34
692 28
687 26
684 29
685 38
680 45
681 47
678 50
680 56
683 56
687 61
689 60
691 53
689 67
688 69
684 80
684 82
677 88
683 96
683 99
686 102
692 102
696 98
695 96
693 89
707 90
706 80
684 104
667 90
664 86
657 89
655 100
655 105
667 107
671 116
661 119
654 88
645 85
668 77
668 73
669 70
679 58
681 26
711 29
705 23
715 23
716 19
717 10
711 6
703 12
699 5
692 8
689 11
691 0
681 0
675 0
672 1
668 5
674 13
661 13
666 23
714 1
725 4
719 35
733 42
764 40
760 38
769 39
775 32
772 21
767 23
764 19
753 20
747 18
745 25
735 29
737 18
729 17
748 7
744 2
756 5
757 1
759 7
766 2
769 16
778 34
784 28
787 34
795 31
799 22
795 14
792 13
791 13
786 15
783 15
783 16
801 9
803 10
810 21
814 20
814 17
812 17
823 16
823 5
835 1
836 0
840 12
810 31
814 33
822 29
824 27
814 40
822 45
825 46
834 38
840 29
846 28
855 21
853 13
859 21
862 19
861 11
866 5
868 1
876 0
879 6
887 2
892 5
896 1
898 13
900 14
904 16
904 17
905 23
894 24
895 31
879 10
873 14
875 21
876 28
878 29
885 12
888 14
852 37
843 47
823 54
804 46
777 47
766 69
743 96
745 94
749 95
750 100
752 106
759 105
761 104
763 101
768 101
768 99
769 97
775 93
774 89
783 95
792 96
794 92
787 85
787 83
787 78
782 71
786 66
793 65
797 58
793 55
786 56
799 101
805 94
806 84
799 80
812 77
815 94
819 85
825 75
825 74
833 74
837 75
837 72
845 71
842 65
849 67
852 69
860 67
862 67
862 66
858 59
854 56
866 66
873 67
878 63
877 55
880 45
875 43
870 44
883 55
886 61
889 62
899 58
905 59
907 55
905 47
913 36
888 65
889 67
887 77
877 71
827 88
832 94
835 92
840 93
847 89
848 89
849 87
861 83
863 85
832 97
836 104
834 108
832 111
835 117
837 123
837 124
840 124
842 118
846 125
850 127
859 132
860 123
861 115
859 112
853 111
851 100
866 107
867 105
876 99
883 95
885 97
891 97
897 92
893 88
906 90
912 91
914 84
921 81
922 71
932 71
933 65
937 56
939 45
928 43
927 45
922 51
926 43
938 36
938 34
930 26
925 18
922 15
924 9
918 8
914 8
926 2
932 2
934 2
932 14
940 10
945 48
950 47
948 40
948 32
948 21
952 53
951 60
951 73
938 78
928 87
919 97
928 101
932 97
936 93
938 91
940 89
949 88
959 85
963 84
940 97
935 104
900 98
907 102
910 104
907 108
914 114
923 111
930 117
931 121
934 123
946 119
948 109
952 110
959 117
966 118
972 121
974 121
976 128
974 135
978 138
983 132
964 137
963 146
962 152
965 160
974 164
977 166
982 165
984 159
986 154
979 151
973 152
987 147
990 141
994 138
1004 138
1008 131
1005 127
1001 125
998 119
1008 114
1010 109
1011 107
1008 106
1006 102
1012 99
1012 89
1008 89
1001 85
995 89
996 96
991 98
989 84
984 86
981 86
976 93
976 103
985 106
974 93
962 98
985 75
983 69
974 74
966 71
967 67
966 62
970 57
974 56
987 63
990 63
995 59
996 58
995 57
995 55
995 50
987 46
981 43
978 46
978 34
973 33
965 33
977 23
978 15
977 12
976 11
969 13
968 19
962 22
961 14
968 0
965 0
962 0
960 0
991 13
992 16
998 14
997 9
997 8
998 6
1004 10
1014 3
1000 24
999 43
1006 42
998 57
1004 56
1008 64
1015 60
1016 58
1020 49
1021 36
1021 31
1005 67
1009 75
998 80
1020 88
1022 90
1012 114
1018 121
1004 141
1007 155
1018 151
1021 150
1009 162
1009 166
1019 165
1023 170
991 153
973 176
958 145
954 146
950 138
963 135
959 124
938 131
931 138
931 148
940 156
939 159
943 160
946 162
950 174
949 179
948 189
948 190
948 195
953 196
957 190
963 201
968 193
945 191
939 188
936 195
931 195
924 150
930 123
922 122
921 133
917 138
911 147
911 148
906 153
908 156
909 166
916 170
924 164
929 171
933 173
934 171
917 175
917 183
917 188
901 145
906 138
905 121
894 127
888 114
883 116
907 123
898 101
868 135
872 135
877 142
888 145
888 152
871 147
861 149
853 151
854 155
855 160
851 160
852 145
847 145
844 150
844 153
838 156
834 159
838 145
834 133
826 127
823 125
815 133
812 137
811 137
807 145
796 142
823 124
814 100
811 103
804 110
796 112
796 118
799 124
803 123
804 122
804 126
791 131
791 120
786 119
786 115
775 113
791 111
768 104
735 109
732 120
741 141
749 139
755 136
752 124
752 123
763 135
769 136
775 139
779 138
780 133
772 125
764 120
777 147
785 146
789 154
789 162
793 167
801 165
802 170
809 170
820 167
818 162
814 158
820 159
818 154
826 148
821 168
810 174
809 181
814 189
810 193
811 202
820 201
830 199
827 193
833 185
831 183
833 176
834 173
840 178
852 175
834 184
835 186
821 208
823 210
833 211
834 211
817 217
801 193
801 199
806 182
802 183
793 182
788 185
785 189
785 196
789 198
780 181
776 179
771 181
775 189
762 189
761 197
764 200
772 206
755 194
747 193
767 172
777 168
784 177
795 177
789 169
779 154
729 154
731 160
743 159
747 163
750 164
751 163
757 165
743 175
740 175
738 177
727 163
702 154
711 153
720 176
735 211
738 213
739 220
745 219
754 218
756 230
788 224
789 222
785 212
790 211
794 230
799 225
800 249
810 250
818 241
818 235
821 234
820 232
821 231
824 242
828 243
830 246
825 260
829 258
834 297
838 288
841 286
839 281
836 275
841 271
835 268
843 264
841 261
844 259
848 254
853 249
858 252
860 255
866 251
872 249
874 244
877 237
870 235
860 236
854 228
850 228
848 230
839 230
842 222
843 220
853 213
854 206
851 204
851 203
852 203
852 199
850 199
857 194
863 185
865 178
865 177
867 175
871 167
868 162
870 189
872 186
874 182
880 173
887 171
887 166
893 166
886 179
888 189
896 191
899 194
901 204
908 205
909 203
911 202
912 204
909 208
914 211
920 209
927 215
931 213
935 210
946 208
949 214
952 225
944 226
938 231
940 237
944 236
940 239
938 249
945 252
952 252
957 252
961 243
967 239
964 233
958 234
966 230
964 224
962 218
969 249
973 261
976 262
978 264
980 261
984 259
987 258
989 254
989 252
992 246
986 240
982 244
988 234
992 224
986 218
982 219
980 221
978 215
975 215
981 208
983 201
995 221
1003 243
1006 244
1014 244
1019 236
1020 229
1020 227
1020 220
1012 220
1008 214
1005 208
1002 210
1006 203
1002 197
994 196
994 193
993 184
1004 186
1016 196
1023 241
1014 251
1013 256
1019 261
1000 235
992 255
970 270
968 282
977 283
987 283
995 280
997 277
997 270
1005 269
1001 279
977 287
984 295
988 304
994 302
994 300
996 297
1000 298
1007 290
1007 288
1012 293
1017 287
1020 282
1019 274
998 308
999 309
1002 316
1014 313
1020 313
1023 316
1001 320
1003 321
1004 332
1012 329
1009 337
995 316
966 286
967 295
969 301
964 281
953 278
953 287
945 283
940 289
940 295
935 301
926 311
931 314
930 296
932 294
935 284
934 285
930 283
953 266
935 260
927 255
923 255
920 258
920 262
910 265
903 270
901 276
901 284
905 287
911 283
918 278
901 292
904 304
907 304
908 304
912 303
902 306
903 309
909 319
909 324
914 332
922 328
901 333
896 341
898 342
899 332
892 290
886 299
892 281
898 268
898 262
902 252
935 217
926 218
923 220
927 227
923 236
923 237
922 243
888 194
879 198
881 208
885 211
873 210
874 216
872 218
860 214
861 214
885 236
887 228
886 224
896 220
897 220
894 234
907 234
912 227
885 241
877 251
872 259
873 267
875 267
877 267
875 276
874 279
880 284
866 285
858 290
860 300
856 285
852 285
850 281
879 247
887 251
887 256
842 289
836 303
840 300
849 296
842 305
851 385
858 383
862 380
863 374
866 365
860 362
873 362
870 358
869 350
866 347
860 348
866 338
863 331
856 329
852 319
850 315
856 317
870 331
878 331
882 324
884 319
875 313
873 309
870 310
887 316
882 338
882 345
884 350
891 353
900 361
904 357
906 353
915 348
897 367
900 369
914 376
920 384
890 370
889 366
849 379
860 408
861 397
866 393
882 438
884 436
894 436
902 425
911 426
913 420
905 415
900 410
896 405
884 406
879 399
893 395
887 388
890 386
903 391
908 396
915 414
919 404
920 404
931 403
925 417
930 420
931 423
935 423
938 432
940 434
949 429
955 430
938 437
936 438
931 437
927 437
927 443
926 448
924 453
926 459
932 454
933 454
933 452
935 451
941 445
945 445
947 441
960 443
968 449
971 440
971 428
966 420
965 418
959 417
951 414
945 402
955 398
962 392
966 398
973 397
974 387
976 387
981 402
985 396
988 405
999 405
1003 401
1002 392
1001 385
1010 389
1015 383
1023 375
1017 367
1016 366
1009 358
1001 352
997 347
991 351
990 355
994 363
984 369
982 373
982 376
985 376
987 354
987 348
982 346
980 340
971 343
971 344
963 341
963 351
972 356
957 343
954 346
947 352
950 358
945 360
949 368
958 368
964 377
954 380
951 382
948 389
942 347
939 351
937 349
932 351
929 360
932 367
926 361
933 344
944 335
941 334
957 338
962 330
971 324
962 319
961 315
950 314
979 337
986 332
990 333
1023 362
1019 354
1012 392
1013 393
999 415
1010 419
1013 416
1014 406
1022 404
1015 420
1013 426
1015 439
1011 440
1006 443
1009 455
1020 456
1012 468
1007 477
1011 479
1023 478
1012 486
1003 475
994 475
991 475
989 483
991 490
999 486
1002 486
1000 461
997 420
983 419
998 424
942 455
950 452
943 459
922 464
914 456
920 446
914 432
914 434
888 447
892 455
896 463
889 468
894 473
906 474
910 475
915 480
913 484
917 486
909 485
907 489
911 494
914 499
914 500
921 503
923 496
931 492
929 489
940 486
940 473
952 487
957 480
956 470
958 467
961 465
969 470
977 472
977 465
979 463
984 462
983 455
981 454
984 447
986 433
974 482
972 483
969 484
966 492
903 490
887 474
888 477
891 480
881 485
882 495
886 495
885 499
885 511
895 509
896 505
883 518
887 519
875 514
871 513
869 518
876 502
875 483
874 487
872 486
885 474
879 470
874 466
865 466
861 477
859 478
854 463
844 463
829 464
815 458
787 483
790 482
803 486
813 477
818 473
801 492
803 494
812 492
785 496
791 529
799 520
799 514
797 513
796 509
795 509
803 533
806 533
804 538
786 549
786 550
792 552
803 560
808 555
759 555
750 564
756 569
757 572
759 570
754 573
746 582
734 585
729 588
735 548
727 550
727 556
726 565
723 565
718 572
717 572
715 563
724 546
721 551
731 530
714 528
713 531
711 535
712 537
662 569
670 574
674 566
667 581
675 591
666 597
660 600
656 602
655 605
656 608
651 598
649 599
647 593
651 590
627 587
616 587
627 605
625 609
635 613
621 622
621 630
618 646
624 645
633 650
639 646
639 641
632 637
632 634
644 634
642 626
652 637
661 640
664 637
664 632
665 631
660 625
659 624
664 623
672 629
677 622
683 615
681 613
685 610
681 605
680 603
681 624
686 632
693 633
696 631
696 628
692 623
700 615
703 611
707 612
708 608
718 606
717 595
716 588
708 592
697 591
691 591
693 596
696 599
693 586
695 585
695 578
688 572
682 578
692 568
704 576
720 615
723 615
724 613
731 614
733 607
741 607
740 597
747 614
752 609
756 604
765 605
767 608
774 610
781 614
784 624
787 625
794 620
782 626
752 620
737 619
733 622
736 625
730 623
727 627
732 631
697 627
703 640
708 630
713 632
704 644
702 649
703 650
703 653
701 661
700 666
691 666
687 664
679 669
670 675
664 671
660 678
660 687
662 693
661 697
667 701
664 710
664 714
671 713
681 710
683 701
682 696
676 688
677 684
686 682
686 702
653 684
646 686
642 695
647 676
657 675
688 659
682 651
675 656
667 653
659 660
657 660
657 659
654 656
651 657
644 658
637 661
630 668
634 671
653 651
677 645
698 660
694 651
591 648
588 649
579 651
569 652
567 655
568 660
566 662
564 664
566 669
597 647
606 651
607 650
549 633
554 636
515 649
500 657
501 661
500 667
506 665
513 673
519 677
522 669
522 665
524 661
526 654
528 654
535 652
537 653
541 652
543 654
551 648
551 647
557 650
546 663
543 672
538 669
523 678
495 666
485 649
484 651
480 652
471 661
472 662
478 660
475 671
481 679
482 680
486 680
464 670
464 680
468 683
453 666
450 674
455 675
448 680
445 682
445 690
440 698
449 699
455 707
456 711
461 710
453 716
450 720
455 722
459 721
469 718
472 719
475 716
479 708
479 704
475 705
474 705
468 700
488 703
492 709
498 702
499 693
502 689
507 685
502 679
500 679
503 690
502 707
507 704
507 702
513 699
524 698
530 699
531 688
535 681
538 699
540 697
548 694
551 688
551 687
554 686
565 687
569 687
570 683
573 678
581 673
585 672
582 665
582 662
585 661
591 663
601 664
607 668
618 664
620 658
604 675
609 678
615 687
618 692
623 700
629 695
608 697
601 693
575 686
576 698
581 698
582 702
589 703
581 713
587 714
592 725
600 720
609 713
611 714
621 719
630 714
644 720
586 728
580 726
583 686
592 684
508 710
506 716
503 719
481 720
484 722
490 729
493 736
502 733
512 731
516 725
518 736
523 733
532 732
538 722
534 717
527 716
548 720
552 714
547 708
555 708
550 728
559 727
562 727
567 726
566 721
560 721
567 716
566 733
557 736
555 738
549 744
549 749
553 752
561 752
555 758
547 766
553 774
559 772
560 769
570 774
565 782
565 790
566 802
578 804
589 802
589 794
588 792
592 791
598 786
597 782
591 781
599 776
600 773
596 771
593 761
580 760
574 756
583 749
584 743
603 760
611 765
614 775
590 813
593 822
601 818
609 816
611 809
604 800
613 819
622 818
626 824
633 825
640 822
642 818
642 810
639 810
634 815
635 806
639 802
638 798
631 790
620 794
620 801
647 808
650 805
653 799
648 797
648 796
649 788
647 785
640 778
634 778
631 779
630 769
655 787
662 783
660 778
657 772
654 773
653 773
649 768
652 760
655 754
652 753
647 750
644 752
637 756
640 763
640 766
632 747
624 748
622 754
621 760
632 744
625 738
617 734
614 740
611 749
612 752
602 746
598 738
629 729
646 747
649 739
655 749
663 744
661 767
665 764
669 765
670 773
674 779
684 777
691 783
701 786
709 785
710 791
717 790
719 789
723 787
720 779
729 775
728 771
726 770
720 764
710 765
711 772
706 766
699 767
693 767
689 759
688 757
681 752
677 757
678 743
734 784
741 781
721 791
725 796
729 799
733 795
734 804
741 808
742 800
745 811
738 821
736 830
729 822
710 797
711 802
710 804
716 812
725 810
709 816
705 820
705 822
709 826
712 822
719 829
716 839
715 841
718 848
720 849
727 848
728 848
730 841
728 840
739 848
743 843
747 839
749 840
743 853
749 862
748 864
753 866
753 869
753 879
757 883
762 887
764 885
765 890
772 887
771 876
778 869
777 868
782 861
777 853
782 843
778 839
774 836
770 837
764 846
764 850
771 833
763 828
757 829
780 834
779 870
785 872
778 889
783 884
788 884
795 889
796 888
801 882
797 876
809 883
812 882
811 878
818 878
819 873
816 870
822 868
820 859
818 857
812 858
808 856
803 854
793 850
803 845
810 840
809 835
808 829
805 828
803 821
799 816
792 810
784 815
790 821
791 824
790 829
795 834
781 812
776 817
777 819
775 805
777 799
772 799
772 798
768 798
766 799
768 802
762 809
781 801
785 799
791 799
791 793
786 793
782 788
790 784
785 777
776 777
769 774
764 764
754 764
750 768
754 776
754 785
760 786
753 792
751 793
746 758
740 760
742 754
738 752
731 746
725 743
729 733
729 729
731 725
732 718
728 711
722 719
712 716
711 715
707 714
705 725
703 728
695 728
696 737
697 747
701 749
705 752
709 747
689 731
685 723
675 727
694 720
714 712
734 704
738 698
737 695
730 694
719 694
712 699
706 701
703 695
703 687
706 684
704 681
702 679
708 678
716 686
738 689
734 686
742 689
748 685
742 681
740 673
731 674
743 671
742 667
739 661
735 658
725 661
720 661
729 649
726 650
722 643
757 684
757 678
755 674
761 676
766 672
776 678
782 675
786 678
787 675
788 669
789 667
787 658
782 656
775 660
770 652
768 644
765 636
756 638
744 643
777 641
778 639
790 647
794 639
797 658
797 657
800 654
801 653
804 661
807 659
809 655
816 652
817 641
813 635
821 642
823 656
811 659
807 666
814 666
790 676
799 674
799 686
794 694
791 702
795 705
803 705
804 704
804 700
801 715
798 719
789 706
786 703
784 699
778 701
778 705
770 705
777 701
779 695
790 692
758 689
764 694
743 713
748 716
750 721
752 727
750 731
760 736
763 737
746 710
756 710
756 704
759 715
764 723
766 755
767 753
778 770
783 766
792 768
795 773
805 809
809 808
816 801
820 793
828 800
830 807
841 808
848 810
851 809
852 799
853 789
848 781
845 781
844 778
850 778
857 788
860 812
863 808
862 802
864 797
874 798
878 798
877 793
881 787
886 787
891 783
885 778
877 778
872 781
865 773
864 767
862 762
865 760
860 752
866 762
872 758
871 747
872 737
871 734
867 724
863 724
858 728
852 727
851 737
848 743
845 744
838 750
836 757
847 759
829 747
820 743
814 744
814 750
804 748
800 746
791 747
788 754
782 742
785 730
781 723
803 736
816 736
820 727
843 741
842 738
837 738
839 727
856 720
872 722
870 712
883 713
886 718
871 768
890 775
897 775
909 778
894 783
877 801
875 808
879 817
882 821
888 821
892 818
892 811
894 805
888 801
895 794
900 807
907 807
911 803
910 801
909 799
912 799
919 795
922 796
925 791
927 785
926 778
931 776
933 768
932 761
934 758
936 756
935 754
929 753
926 743
919 746
913 750
911 752
909 757
913 765
904 752
913 740
906 742
903 741
916 735
910 729
907 733
910 728
907 719
903 720
896 729
887 735
884 739
890 741
892 748
902 718
901 715
907 718
931 740
929 733
929 725
928 724
925 721
920 725
932 722
938 740
939 733
943 727
942 722
941 715
931 711
927 704
919 708
914 702
912 703
912 700
906 693
901 694
900 699
899 704
895 700
892 693
891 693
886 693
882 689
871 694
876 700
864 693
861 697
860 698
858 705
856 698
850 694
846 702
836 698
835 701
831 702
828 701
824 708
832 717
823 695
819 701
819 686
812 681
831 694
837 683
846 672
847 665
841 663
837 652
848 664
856 686
869 681
870 679
876 669
870 665
893 691
892 688
889 688
907 692
903 687
901 680
897 680
888 679
887 676
909 685
913 688
920 693
940 704
934 694
940 688
930 681
932 674
924 670
915 673
926 662
922 660
917 661
910 662
905 657
893 653
894 650
909 654
909 649
924 656
926 653
931 653
932 652
931 647
927 636
921 636
919 628
912 632
907 637
899 634
890 631
884 636
876 640
871 646
873 648
878 652
869 644
862 646
862 650
856 644
864 636
862 635
891 624
890 619
888 619
890 616
887 612
881 609
873 617
885 600
884 597
882 587
880 578
887 574
895 572
891 563
885 559
882 558
873 560
874 549
865 547
855 548
857 540
846 535
842 537
840 543
838 545
842 553
838 557
844 565
831 547
828 549
823 552
825 562
832 567
827 573
827 578
836 576
844 577
851 579
852 577
856 569
859 578
865 573
852 585
850 592
848 596
853 597
860 598
863 591
847 604
848 615
853 614
857 613
860 610
862 610
856 619
845 617
838 617
839 621
843 628
844 630
852 628
836 623
833 626
833 631
825 624
832 615
827 613
831 605
825 597
825 592
817 587
810 592
801 600
798 602
800 609
806 611
809 606
814 613
795 598
794 594
789 583
790 575
812 583
829 590
841 593
823 576
821 570
833 538
823 529
815 523
817 514
816 511
819 512
824 509
836 505
838 494
835 482
848 499
849 488
820 515
857 528
856 521
844 518
893 556
895 552
891 551
889 551
889 547
894 538
895 537
890 531
888 532
882 538
902 536
907 537
907 528
902 553
906 553
916 551
921 554
926 550
922 545
926 540
931 534
924 531
920 528
934 532
931 528
931 525
932 519
932 515
925 515
923 518
918 517
911 518
908 517
934 508
940 515
941 519
947 521
940 534
944 530
944 536
946 539
953 538
956 536
955 528
958 520
962 522
955 542
956 543
955 544
958 547
965 545
972 548
973 542
968 536
972 526
977 522
977 513
974 510
968 513
985 513
986 518
989 524
994 524
1010 521
1010 510
1020 504
976 541
951 553
954 557
960 562
965 563
968 561
969 564
976 565
969 571
966 578
962 583
953 586
948 594
951 602
953 611
955 613
959 615
962 611
962 603
967 598
974 597
969 618
970 617
976 615
981 609
983 611
986 611
987 604
985 599
993 600
994 598
990 591
988 582
981 579
979 586
993 577
989 569
988 566
987 559
980 554
995 548
991 538
1003 542
1009 540
1009 548
1015 550
1016 557
1021 560
1023 555
1023 549
1005 559
1007 567
1005 586
1008 588
1012 582
1018 586
1009 590
985 616
976 621
980 625
970 625
962 632
961 635
969 640
972 637
972 644
953 618
946 624
949 613
945 592
946 559
940 562
932 565
928 574
927 577
930 577
932 575
943 577
947 573
928 560
942 540
933 548
887 585
896 587
899 582
905 578
912 579
914 580
916 575
908 585
914 591
922 590
924 592
931 594
894 610
896 621
897 620
901 621
905 617
909 610
917 611
911 619
910 622
902 622
920 623
931 632
931 621
938 650
939 645
955 657
957 658
927 657
945 674
946 676
947 677
945 703
949 705
953 708
958 705
966 708
972 704
954 725
957 725
957 726
955 728
945 739
945 748
954 746
941 761
951 763
959 768
967 761
931 796
938 796
944 800
948 799
950 795
953 788
951 782
944 784
951 776
938 804
925 806
902 812
892 824
892 831
897 838
894 841
826 813
827 819
830 825
833 824
830 828
834 829
845 826
853 830
854 838
860 835
861 835
863 827
870 838
855 847
861 856
862 861
863 863
873 857
879 859
859 867
857 866
851 850
847 853
846 860
833 837
817 802
802 807
801 806
806 797
803 787
805 783
810 774
815 767
828 770
817 779
821 854
821 846
821 837
826 854
830 851
835 855
825 868
827 872
831 874
831 875
834 878
822 881
815 886
798 894
798 904
789 901
804 891
810 897
813 895
819 901
819 912
819 917
824 919
827 918
810 902
775 896
772 904
771 904
769 906
770 907
772 918
778 917
785 923
790 924
797 920
804 916
771 923
767 923
757 925
753 927
755 936
747 926
743 926
743 928
746 932
740 928
738 927
731 935
729 940
728 951
727 960
733 963
734 958
739 955
742 958
750 955
743 961
732 970
736 977
742 974
744 981
745 981
741 991
742 998
750 1004
753 1012
761 1014
763 1005
766 999
762 993
754 988
771 999
777 993
782 994
786 987
784 981
774 976
777 966
770 963
783 969
786 967
790 981
795 982
804 985
807 984
812 993
814 996
825 996
828 993
829 991
833 984
827 978
825 977
822 975
835 975
829 963
816 961
813 961
810 965
808 955
816 955
818 955
826 949
827 946
823 946
821 945
810 943
799 946
796 946
784 947
777 947
796 939
816 934
843 971
848 972
852 965
848 958
848 955
859 959
860 958
859 951
858 951
861 963
869 959
874 955
871 949
869 944
864 935
865 931
861 925
847 929
843 931
875 933
874 925
874 920
875 916
872 914
868 913
860 907
855 905
854 902
846 897
856 893
850 887
851 881
857 882
864 894
869 885
872 882
869 880
871 873
874 882
876 883
867 897
879 937
886 931
887 931
888 920
897 921
908 920
911 913
900 905
888 904
890 895
916 906
916 899
914 890
916 886
919 886
919 885
919 884
920 882
924 884
931 879
935 881
936 882
942 879
941 875
945 872
939 868
939 862
931 863
931 866
938 855
939 849
941 842
944 832
932 830
929 835
924 837
916 844
910 848
910 857
909 860
917 862
921 853
913 872
911 873
910 874
903 872
902 876
897 874
893 875
888 871
892 861
927 825
924 825
921 825
918 827
907 830
922 819
943 823
949 847
954 846
957 853
967 854
947 859
947 871
958 870
964 872
967 868
963 865
932 889
935 891
937 901
922 898
924 895
926 908
928 914
938 915
945 917
948 916
950 912
950 908
957 910
964 908
962 902
954 895
953 896
955 890
956 884
970 899
969 913
971 911
981 912
980 905
980 896
986 903
991 902
995 892
1001 882
1005 880
1000 873
990 874
986 867
985 864
1004 894
1014 889
1020 890
1019 883
1022 873
1022 866
1018 864
1009 858
1002 857
1000 857
1008 850
1014 841
1010 839
1004 838
1001 841
993 838
989 843
993 847
986 845
982 847
984 843
990 833
986 827
981 832
982 823
981 822
979 824
983 821
979 815
970 812
967 818
963 818
963 827
959 835
966 839
970 806
961 804
962 798
988 814
989 808
986 799
985 798
985 789
991 786
985 781
980 777
999 782
1003 782
1012 780
1013 775
1019 775
1017 766
1012 761
1007 763
999 769
1004 758
1007 754
999 745
997 745
994 747
990 747
985 753
988 761
979 750
987 744
1020 754
1021 749
1017 745
1011 744
1019 740
1023 733
1016 730
1010 723
1002 724
999 720
993 725
983 730
975 735
972 738
978 723
981 721
979 718
1001 715
998 707
1009 712
1007 702
1010 700
1011 699
1013 690
1013 685
1014 680
1012 678
1001 679
999 686
996 670
992 668
991 668
983 672
980 670
977 670
976 673
977 684
980 686
984 692
972 686
970 687
972 690
966 692
966 683
1005 669
1012 663
1007 659
1002 656
997 654
990 650
989 650
983 651
978 658
988 641
997 643
1005 637
1000 630
997 630
1004 620
999 618
1005 618
1004 615
1016 617
1023 613
1021 607
1016 605
1012 607
1017 620
1021 661
1016 651
1012 648
1016 685
1023 682
1021 779
1022 781
994 797
1002 800
1007 806
1011 798
1008 793
1018 795
1019 792
1014 812
1022 821
1015 824
998 792
994 812
995 814
997 821
1002 899
953 917
953 922
952 931
956 932
963 928
966 931
972 928
974 927
976 928
976 929
979 929
981 924
983 923
981 934
956 936
950 940
954 947
959 944
967 950
968 951
974 962
980 964
984 954
992 947
989 944
989 967
988 970
991 980
996 982
997 977
1004 976
1008 982
1017 982
1021 972
1016 971
1012 965
1005 963
1005 958
1003 954
1003 952
1011 946
1009 939
1001 940
1011 938
1016 929
1013 926
1012 926
1012 925
1008 915
1001 914
1008 911
1017 909
1020 912
1022 930
1021 941
1013 950
1019 952
1021 959
1019 983
1022 990
1020 995
1018 1002
1009 1003
1012 1011
1012 1023
1004 1011
994 1017
1002 1000
995 1002
1005 993
982 981
980 979
975 979
973 983
977 986
979 989
980 994
984 997
987 991
975 999
972 1002
975 1005
971 995
962 996
957 1005
964 1011
962 1016
955 1019
944 1014
943 1016
941 1020
944 1008
931 1003
924 1006
927 1016
916 1014
912 1010
905 1015
907 1020
897 1015
886 1021
879 1013
873 1010
869 1005
882 1009
879 1007
909 1002
908 1002
907 1003
905 1002
976 976
969 966
966 968
963 969
960 962
952 948
946 939
945 943
944 932
936 923
925 920
925 925
927 932
930 936
918 935
912 925
891 933
901 935
903 942
905 946
914 948
922 950
913 957
911 959
912 961
917 962
919 965
921 967
931 974
934 974
935 979
940 979
947 971
945 968
939 958
935 950
950 983
949 990
925 979
917 966
914 972
910 977
911 970
876 955
877 963
873 969
874 971
879 972
886 976
892 976
891 972
889 964
892 956
892 949
886 978
883 986
889 990
890 988
877 985
854 980
855 987
865 986
847 984
844 995
839 997
842 1000
856 979
860 977
808 998
787 999
791 1000
792 998
799 1005
807 1014
817 1016
821 1015
823 1011
828 1012
831 1018
848 1021
854 1023
858 1023
858 1020
829 1021
771 1014
774 1023
773 1009
776 1009
788 1013
763 1023
728 980
723 964
724 968
715 960
707 962
703 962
748 919
750 918
755 913
757 907
751 903
749 905
743 910
739 914
730 915
727 922
719 922
719 924
715 926
711 931
714 937
716 938
709 932
707 937
705 938
708 949
699 941
701 927
703 916
696 908
693 911
692 918
684 927
690 932
681 937
685 945
677 941
681 923
694 906
685 904
694 902
690 895
684 890
678 895
674 899
676 902
670 898
670 901
668 909
661 908
656 910
658 917
663 924
652 911
647 918
653 926
638 927
660 897
655 896
675 885
679 876
677 866
671 862
663 870
660 867
655 865
657 860
669 854
666 843
659 847
651 844
647 845
644 854
644 856
639 840
680 859
686 878
696 901
704 905
712 896
715 889
720 891
724 880
721 875
720 863
727 892
732 889
740 886
723 911
717 911
739 906
734 904
767 921
745 871
738 874
705 844
705 846
701 853
701 855
704 865
708 875
701 876
693 854
691 862
690 844
685 847
691 840
696 832
696 829
686 827
680 824
673 828
673 830
675 815
667 819
664 810
664 801
675 812
676 805
683 807
685 803
684 796
690 810
701 811
697 792
695 797
648 812
651 814
654 819
652 821
652 829
656 828
644 829
612 822
597 829
598 832
600 833
602 832
598 834
602 843
610 840
614 833
604 849
606 857
613 852
613 849
590 824
588 832
551 783
552 789
547 795
544 804
546 810
547 811
553 806
560 817
561 821
572 819
572 818
564 830
567 835
574 836
534 803
544 764
536 763
534 765
533 766
524 770
525 776
523 777
524 786
528 787
533 784
520 789
513 791
509 793
503 795
503 797
512 808
494 789
491 792
487 792
483 796
478 796
483 782
478 778
470 781
469 787
465 795
460 786
460 785
482 773
484 770
490 766
492 760
489 758
496 758
505 763
509 763
505 770
497 781
496 778
517 775
511 781
521 763
534 761
536 759
535 742
530 747
519 746
505 743
506 750
476 729
473 738
479 739
479 740
481 749
471 743
472 746
471 749
460 755
466 765
460 771
466 730
461 736
454 735
451 734
448 732
446 738
450 742
438 739
431 737
429 734
429 729
425 730
422 733
412 726
405 735
408 741
405 749
412 751
420 749
423 750
431 753
436 760
447 763
442 770
438 772
422 758
423 766
416 762
401 752
426 722
430 716
428 710
428 703
436 722
433 733
443 679
435 682
433 685
434 690
426 687
418 686
413 692
416 700
414 702
414 712
418 685
418 676
417 674
411 673
408 669
402 673
401 677
405 681
408 682
394 683
399 690
400 696
399 703
402 709
393 672
387 673
378 670
393 667
386 663
397 662
394 658
388 653
412 662
410 656
421 658
446 666
431 659
438 663
399 633
397 631
390 634
394 639
370 624
378 604
369 605
363 607
356 599
352 603
347 607
350 612
353 614
354 624
353 626
358 635
355 644
353 644
352 650
360 652
364 652
364 648
369 644
376 645
375 636
374 652
346 655
349 662
349 667
351 668
355 679
365 682
371 684
374 687
383 691
342 671
338 682
339 687
349 690
352 692
332 689
335 694
339 698
337 700
336 707
347 712
353 711
350 704
356 718
360 715
364 711
373 711
375 707
368 699
387 711
374 720
354 725
355 733
359 739
369 740
375 741
380 747
388 737
390 725
386 756
388 762
392 771
396 773
393 781
397 788
404 787
417 786
425 784
434 791
435 793
437 793
443 787
419 792
381 763
374 766
380 772
379 782
381 786
387 794
393 799
393 803
392 803
390 811
393 813
391 816
390 822
398 826
402 819
407 813
407 809
410 802
409 801
407 798
411 814
413 819
421 813
423 814
412 823
419 826
425 826
434 821
434 820
433 832
431 840
435 846
445 850
438 857
436 865
430 858
422 857
421 858
419 859
413 859
413 866
411 874
417 879
420 871
418 888
419 894
427 890
428 885
440 885
446 881
449 881
451 882
452 883
448 884
428 900
435 903
433 907
437 911
445 912
453 905
448 896
455 904
436 916
434 921
439 924
443 923
446 921
450 925
452 924
439 931
441 940
441 947
447 947
451 940
451 954
456 956
457 948
459 942
459 938
465 956
468 948
472 941
476 948
479 945
480 936
471 929
474 925
470 922
465 926
462 917
478 914
486 905
486 897
474 896
466 892
463 893
463 890
486 893
484 888
483 883
494 910
504 909
502 900
501 897
508 889
504 918
482 917
475 955
481 956
490 957
494 956
496 957
500 958
493 964
493 967
499 973
503 968
509 962
510 952
507 946
503 943
499 944
501 947
500 940
491 934
488 927
502 937
513 943
519 943
525 939
524 931
531 928
530 941
525 948
534 951
537 951
543 942
553 938
557 943
561 938
559 929
551 926
549 927
565 927
563 922
558 919
553 913
548 918
546 919
539 920
538 911
542 908
542 896
536 894
533 890
530 888
524 898
524 911
536 883
536 881
530 878
528 879
524 883
518 878
516 876
511 873
506 873
502 873
516 869
510 860
505 855
502 859
493 864
492 867
507 852
499 848
496 849
491 851
490 854
488 843
481 843
477 843
472 854
467 863
472 869
454 863
449 867
463 850
476 831
463 822
456 820
451 826
453 836
451 810
465 814
472 811
504 841
510 835
516 832
516 826
508 823
495 818
494 818
492 826
517 822
518 837
521 840
528 841
529 839
536 834
537 830
532 823
531 816
529 849
537 851
525 856
531 859
538 861
543 862
548 855
548 849
552 844
555 855
549 867
548 873
549 875
551 877
556 873
538 868
521 854
541 887
556 908
558 901
555 889
565 919
565 916
570 910
569 906
568 906
576 899
576 889
574 889
568 891
580 889
579 886
581 879
582 878
577 872
583 867
582 856
580 856
569 855
567 862
582 855
585 850
586 850
585 856
588 882
595 880
594 870
593 864
602 884
604 875
610 887
613 884
615 892
619 892
623 896
628 898
635 898
636 887
629 873
629 866
643 886
638 899
636 905
631 916
614 895
600 896
600 898
603 907
612 914
597 907
593 914
590 926
591 931
598 929
599 932
600 937
608 946
611 949
616 954
619 951
620 944
620 937
621 928
623 937
622 952
629 959
625 964
631 970
640 971
648 962
658 956
657 950
658 942
648 943
641 944
638 948
638 942
648 941
653 967
636 981
637 983
636 991
644 988
647 997
652 998
654 992
656 987
654 983
665 979
669 978
668 973
669 964
678 963
684 966
685 965
688 972
693 975
698 988
674 972
677 976
674 982
680 988
670 991
646 1004
651 1005
661 1012
673 1019
678 1007
680 1005
689 999
701 1003
708 1015
713 1017
724 1019
725 1014
730 1019
707 1016
690 1015
676 1022
678 1023
646 1008
648 1011
643 1009
644 1011
642 1017
641 1001
637 1006
628 1009
628 1017
617 1016
612 1018
607 1022
617 1013
616 1002
611 1002
608 1005
601 1009
598 1005
594 1011
591 1015
584 1013
581 1016
579 1015
572 1015
582 1005
580 1002
570 1004
564 1006
559 1008
558 1019
584 992
579 987
575 982
572 984
571 991
560 992
555 997
551 996
546 1005
545 1017
541 1018
535 1015
532 1008
534 1004
537 996
534 994
522 997
547 989
545 984
568 978
563 979
585 982
590 971
596 972
597 964
585 957
583 944
598 972
610 997
602 989
597 985
626 998
621 991
622 990
610 950
604 954
588 883
588 887
567 926
570 939
549 952
552 960
562 955
565 953
566 954
564 962
532 964
514 969
515 971
525 977
511 972
492 978
493 981
493 987
504 986
504 998
503 1004
511 1021
516 1020
498 1006
489 993
489 994
490 980
484 975
481 977
482 982
482 986
477 969
474 970
469 973
471 979
471 990
469 999
474 999
471 1005
469 1006
469 1007
465 1015
468 1016
475 1017
484 1017
487 1013
463 1006
454 1012
450 1015
454 995
466 974
464 977
463 982
459 967
458 967
452 975
437 953
438 958
436 966
440 969
442 974
430 950
425 953
419 957
423 962
424 971
418 957
416 959
414 960
410 969
414 980
421 990
423 992
428 988
429 988
431 991
419 999
416 1004
426 1010
434 1009
439 1006
439 1005
434 1013
436 1017
427 1018
415 1023
408 997
402 995
393 990
389 994
389 988
404 965
401 972
398 973
403 950
420 945
431 947
430 927
429 930
427 930
427 933
414 932
405 935
398 926
418 902
416 903
420 911
422 918
411 901
408 904
395 901
381 896
376 893
380 888
379 885
377 882
369 884
366 880
359 879
354 876
397 891
410 900
400 873
398 869
390 865
389 868
386 861
378 858
371 865
387 855
411 850
408 850
409 847
404 846
400 851
411 846
410 837
421 852
384 829
385 840
390 841
375 846
388 811
383 814
382 820
374 826
375 784
372 779
366 784
377 758
370 753
364 754
354 746
329 712
325 716
330 724
334 724
326 705
322 698
313 706
311 703
305 705
303 711
301 713
300 721
296 705
292 708
290 714
298 698
294 693
290 694
285 696
277 697
278 706
278 709
282 708
274 713
274 721
276 724
282 735
288 730
290 731
291 730
295 736
303 745
305 755
294 758
296 763
302 768
304 769
304 770
314 773
322 779
325 786
336 783
340 772
339 771
340 761
332 752
329 751
322 744
322 739
314 734
317 729
336 747
338 737
346 775
349 769
356 768
354 763
352 759
321 794
327 799
328 806
336 812
342 805
327 807
325 806
314 795
316 802
315 804
310 794
300 796
298 799
308 789
309 785
297 784
287 783
281 784
276 788
277 789
276 791
278 792
281 794
286 794
270 799
266 808
270 812
275 822
276 825
274 788
262 788
258 787
257 787
255 796
254 800
253 806
250 782
245 783
234 788
233 800
235 802
241 803
237 809
233 776
251 779
257 771
256 768
258 757
261 755
266 754
264 771
316 788
291 763
292 768
292 771
285 764
282 752
280 748
271 688
277 685
280 682
286 677
281 674
272 673
270 670
264 673
261 674
261 675
256 667
248 666
239 675
240 686
238 688
237 688
232 688
227 695
231 697
241 701
249 695
257 695
252 703
243 709
238 716
234 719
235 721
239 722
245 724
254 729
259 731
262 732
261 739
265 741
254 739
236 729
232 717
228 716
221 720
217 728
225 733
233 739
242 742
238 750
245 757
227 753
223 758
223 767
216 771
221 782
215 790
217 803
210 814
212 816
209 815
208 815
201 817
197 806
195 800
189 794
184 785
192 779
197 775
197 768
189 769
186 767
180 773
171 773
190 759
190 756
186 754
178 757
173 760
172 760
173 751
188 749
188 741
186 739
176 734
188 734
193 754
191 759
195 759
201 757
201 751
204 750
204 757
209 757
196 785
212 720
207 726
201 731
203 736
207 736
202 722
200 718
226 705
237 673
233 670
228 676
221 677
297 687
303 683
300 671
296 663
304 657
295 651
288 653
286 654
283 655
279 656
275 657
293 642
284 642
282 637
288 631
281 622
277 620
267 617
264 607
267 601
265 591
260 591
268 587
266 586
259 583
252 584
245 590
241 590
242 597
244 600
252 601
244 609
244 613
253 612
254 614
243 619
246 627
253 632
255 636
254 639
255 645
259 647
267 647
270 639
248 647
240 613
240 611
231 585
228 590
220 588
218 584
221 577
217 575
212 574
209 574
207 577
203 580
208 570
207 569
204 570
204 567
204 566
216 568
218 568
219 567
221 561
221 559
216 559
211 552
199 551
190 559
190 562
189 566
191 569
185 571
185 576
189 580
187 556
183 561
176 560
173 551
179 547
187 555
212 550
222 558
225 559
234 552
239 557
250 553
247 541
246 541
250 535
248 531
256 529
258 532
261 548
270 545
238 562
245 565
221 569
225 568
226 567
227 565
242 580
242 578
240 578
235 574
260 577
257 568
259 562
272 606
276 599
287 604
288 605
294 623
296 621
300 621
299 611
293 639
301 636
307 634
313 649
311 646
307 661
310 663
320 689
317 689
331 695
329 686
338 668
333 667
329 665
346 647
342 637
331 644
342 606
336 602
333 610
331 612
332 613
331 616
333 628
319 605
318 601
386 584
373 587
370 584
369 579
359 575
347 581
346 584
347 588
327 584
345 570
343 561
339 550
393 579
396 576
399 572
402 554
397 553
393 555
391 562
384 567
411 538
396 535
380 521
384 526
373 532
380 540
384 543
386 543
379 545
372 510
365 496
357 474
335 471
337 472
339 483
342 485
347 479
337 485
334 489
339 492
342 493
348 502
352 502
348 507
353 507
334 497
327 502
288 453
279 455
279 458
279 461
281 465
272 463
281 436
260 447
241 455
242 458
245 469
251 469
258 465
253 461
257 477
261 474
261 480
265 490
270 497
276 491
272 485
282 485
292 483
297 482
298 493
307 496
312 494
308 498
294 497
296 504
299 505
288 503
290 515
293 519
297 523
301 521
312 524
321 522
324 523
330 529
336 532
344 536
357 538
359 530
361 524
357 523
354 525
349 521
358 543
354 546
353 552
359 556
314 535
309 538
309 549
304 549
305 555
302 560
306 564
313 561
296 573
302 579
305 581
293 583
290 590
302 596
282 584
296 559
296 555
295 552
297 546
299 535
283 502
271 499
272 505
265 507
270 516
277 514
279 522
276 532
283 542
240 504
246 508
248 510
249 510
251 511
254 513
243 511
237 519
231 526
232 530
224 538
229 526
226 490
228 494
227 495
209 484
202 491
204 499
209 496
216 497
204 501
208 505
207 509
198 492
193 500
189 497
187 486
169 495
143 507
140 517
125 525
116 527
113 526
110 533
103 507
93 524
94 516
75 541
82 543
86 543
87 539
93 545
100 556
104 554
106 548
115 556
122 565
117 575
47 552
50 559
73 593
81 593
83 583
78 575
69 578
88 571
93 584
104 582
91 590
80 617
81 623
81 630
83 633
88 629
97 631
99 627
97 623
96 616
95 609
108 629
116 625
108 617
108 605
114 635
121 636
128 632
109 641
104 646
105 651
110 654
113 655
116 651
124 656
133 652
132 650
137 640
146 636
153 636
153 629
154 622
150 614
147 604
144 605
136 607
134 615
140 623
140 624
125 613
122 607
124 598
142 601
139 599
136 598
138 591
138 590
135 590
127 587
136 586
137 579
142 569
144 564
149 562
151 553
143 549
131 545
119 543
132 538
138 534
138 531
150 533
156 530
161 529
160 525
157 520
152 523
166 518
166 512
163 508
174 510
175 507
182 516
184 514
183 521
185 521
192 520
194 520
186 525
190 528
197 533
204 528
213 525
218 518
209 535
163 534
159 536
162 541
153 539
156 563
159 561
151 600
162 594
160 589
161 587
162 583
165 577
167 587
172 592
165 622
168 615
158 645
159 648
170 648
171 645
181 647
185 643
196 638
203 634
203 630
197 626
196 620
195 620
189 621
182 629
178 631
194 614
203 609
198 604
187 604
191 595
185 593
207 609
211 608
210 600
211 611
222 610
225 607
222 602
223 614
217 624
204 622
209 633
193 652
196 653
207 659
212 648
220 651
224 651
223 643
233 651
235 649
232 645
234 644
230 635
231 628
198 667
203 676
204 677
197 682
189 680
185 693
189 696
189 699
195 699
196 700
188 704
192 705
187 714
176 702
174 685
168 659
166 668
159 668
156 665
149 667
147 667
176 662
154 654
149 649
131 665
137 673
133 677
100 653
102 646
88 642
75 633
75 640
76 640
71 643
72 647
78 654
78 661
75 665
79 666
90 671
92 671
93 673
70 640
66 642
116 686
119 679
109 701
109 723
115 719
121 718
122 713
124 707
125 702
118 700
117 699
130 705
128 712
135 712
144 713
147 709
142 702
143 694
139 694
150 708
152 700
153 698
156 697
152 715
162 718
150 721
137 721
114 739
118 747
127 762
133 763
136 759
134 753
136 744
127 737
127 733
136 766
144 767
148 766
157 759
151 752
146 752
153 744
151 743
148 740
159 741
159 735
160 743
161 743
152 770
142 775
140 777
141 781
142 787
133 783
121 776
113 775
108 775
110 778
86 763
86 759
85 752
94 783
120 802
117 799
122 794
128 797
138 798
130 810
136 820
141 825
144 818
148 818
151 811
151 810
150 810
156 813
166 809
173 810
175 808
177 812
182 810
178 822
175 827
169 829
172 835
171 844
169 848
163 852
166 856
173 856
179 857
180 860
183 863
191 870
196 862
201 866
206 862
202 859
202 853
200 849
196 848
194 844
193 833
188 834
185 836
187 830
206 853
213 865
220 863
217 858
215 852
226 857
231 853
225 843
226 840
228 838
226 837
224 836
221 832
220 832
215 830
214 835
216 837
222 830
226 835
235 838
240 834
235 828
246 832
245 827
246 824
252 828
258 822
227 870
233 868
239 866
241 867
249 871
250 865
250 859
247 859
244 851
243 847
254 878
262 870
262 866
267 863
250 885
253 893
258 895
270 893
273 886
278 883
284 883
292 871
287 863
289 858
284 858
283 848
294 848
296 846
301 836
298 824
305 816
307 817
313 822
311 826
302 854
308 849
311 848
304 862
288 886
270 901
276 903
287 904
289 899
295 901
299 901
300 892
308 892
316 892
317 889
321 881
325 870
321 867
332 873
338 867
342 861
354 853
348 846
344 846
336 841
329 846
329 853
334 834
324 836
342 827
351 827
359 816
358 807
354 842
355 842
357 861
333 879
308 893
291 907
296 910
295 914
301 914
307 911
292 925
296 927
301 926
302 928
291 931
299 940
285 929
282 928
279 927
277 929
276 913
268 914
268 917
263 917
255 919
254 920
251 923
249 924
254 932
256 935
253 933
246 923
244 924
244 888
242 889
243 893
239 901
244 905
245 910
233 908
242 882
237 877
235 881
231 881
228 884
211 875
210 881
203 877
159 850
155 853
150 845
152 839
143 837
136 845
135 852
161 828
167 818
149 819
123 826
120 834
124 836
103 833
105 838
113 849
101 832
97 850
99 848
132 864
155 870
155 866
166 872
175 876
177 878
188 884
191 884
175 882
185 902
184 897
189 914
202 920
202 918
205 921
208 920
209 917
213 906
202 897
221 901
224 896
176 945
166 950
152 934
136 946
141 950
147 956
148 959
141 966
146 969
149 975
155 975
156 974
159 973
163 976
167 978
168 972
163 966
164 962
166 962
176 957
170 979
175 983
183 979
186 976
187 970
184 967
192 966
194 957
194 947
190 945
197 958
203 958
206 954
212 944
209 939
208 939
206 941
217 932
227 940
237 938
221 959
224 966
203 973
191 984
201 991
205 1002
212 997
214 989
214 981
222 983
230 984
233 985
240 985
244 980
245 974
250 980
257 984
262 978
262 972
255 972
250 965
244 962
264 968
259 960
251 955
249 948
244 951
237 953
266 956
268 951
261 951
274 943
268 941
273 968
277 962
284 966
287 969
292 962
291 959
296 952
288 974
292 978
303 976
309 969
307 963
310 961
308 956
320 957
327 960
332 958
333 956
335 954
336 955
340 952
343 944
352 938
351 936
354 934
353 924
348 921
346 919
337 915
336 917
332 913
329 914
327 913
324 917
327 921
333 926
334 932
333 934
326 938
326 939
317 941
320 946
320 916
317 921
320 915
334 908
333 906
337 898
333 892
341 889
345 897
348 897
350 894
355 894
365 923
365 919
366 909
368 919
376 922
378 918
374 926
382 929
383 933
371 939
368 943
367 944
368 945
367 949
371 948
371 952
377 958
387 957
361 949
366 944
348 959
329 964
336 972
346 975
357 981
359 980
364 977
367 971
377 972
383 970
362 983
375 986
341 985
340 988
344 990
351 995
361 1000
374 1000
383 1007
390 1009
379 1016
378 1020
388 1021
400 1021
403 1012
346 999
343 1001
335 1005
339 1010
344 1022
347 1022
351 1015
356 1013
332 1021
334 1001
323 965
307 978
301 986
303 989
303 994
307 998
308 998
311 995
314 997
324 989
323 985
313 1004
316 1009
300 996
276 975
267 986
275 988
283 988
287 996
274 993
277 998
275 1006
284 1008
282 1015
284 1021
278 1020
264 1007
265 1012
264 1015
263 1022
270 997
222 993
213 998
216 1009
219 1010
228 1009
233 1000
238 999
249 1000
249 997
233 1012
240 1021
219 1016
212 1021
205 1004
203 1005
202 1015
197 1019
196 1019
190 1019
182 1023
183 1010
189 987
186 988
187 997
188 997
180 996
146 977
150 982
139 968
129 974
134 979
136 983
131 984
123 980
122 990
123 997
124 1002
130 1007
137 1009
139 1011
149 1007
151 1004
149 999
147 999
147 996
143 992
159 1002
169 1007
165 1021
154 1011
137 1015
133 1014
130 1017
130 1020
119 1006
118 1005
102 1002
95 1015
117 977
110 976
104 978
126 971
135 960
131 955
130 955
105 961
108 964
83 990
94 985
69 1015
72 1016
74 1018
75 1016
75 1021
33 1002
24 1007
20 1007
18 1014
26 1021
14 1022
10 1022
12 1011
2 1008
18 977
19 981
11 966
7 965
5 971
2 983
5 984
3 990
2 970
20 971
