869 445
976 504
886 350
992 303
950 172
841 158
673 126
668 14
875 72
849 327
831 499
771 525
819 611
824 632
817 691
824 728
783 726
764 784
791 845
734 906
862 819
888 823
948 853
887 901
990 916
1014 977
877 634
895 694
960 642
738 525
721 461
655 420
696 352
614 346
548 335
487 407
428 360
462 252
389 119
329 107
318 34
313 156
248 242
180 263
179 198
171 191
132 214
57 95
76 236
1 266
20 307
186 300
248 359
250 410
244 539
160 513
47 575
87 626
123 727
37 738
50 875
58 934
82 1008
91 1023
135 1020
136 722
129 305
79 399
262 258
441 459
519 463
724 351
725 324
729 545
718 579
652 645
630 684
599 657
543 659
454 692
457 599
384 672
634 719
596 770
584 787
549 899
456 879
419 818
404 813
372 802
362 814
300 807
309 848
276 915
281 976
327 925
410 801
411 927
591 917
618 978
869 445
