100
869 445
404 813
591 917
276 915
696 352
384 672
57 95
487 407
329 107
327 925
1014 977
721 461
824 728
734 906
614 346
441 459
791 845
248 359
738 525
250 410
877 634
58 934
729 545
318 34
652 645
960 642
599 657
79 399
362 814
281 976
136 722
411 927
543 659
262 258
160 513
668 14
123 727
948 853
248 242
887 901
888 823
519 463
457 599
862 819
389 119
771 525
841 158
428 360
817 691
618 978
180 263
992 303
990 916
132 214
135 1020
91 1023
819 611
462 252
186 300
47 575
419 818
76 236
976 504
596 770
171 191
724 351
454 692
655 420
584 787
634 719
783 726
718 579
313 156
831 499
456 879
50 875
673 126
87 626
630 684
372 802
875 72
129 305
764 784
725 324
548 335
20 307
37 738
886 350
895 694
849 327
549 899
179 198
1 266
824 632
950 172
410 801
244 539
82 1008
300 807
309 848
