869 445
831 499

869 445
886 350

869 445
976 504

404 813
410 801

404 813
372 802

591 917
618 978

276 915
327 925

276 915
281 976

696 352
724 351

696 352
614 346

487 407
519 463

487 407
441 459

487 407
428 360

329 107
313 156

329 107
318 34

721 461
655 420

824 728
783 726

614 346
548 335

791 845
862 819

791 845
734 906

248 359
250 410

738 525
729 545

738 525
721 461

250 410
244 539

877 634
895 694

58 934
82 1008

729 545
718 579

652 645
630 684

599 657
543 659

362 814
300 807

543 659
454 692

160 513
47 575

123 727
136 722

123 727
37 738

948 853
990 916

948 853
887 901

248 242
262 258

248 242
180 263

888 823
948 853

862 819
888 823

389 119
329 107

771 525
738 525

771 525
819 611

841 158
875 72

841 158
673 126

428 360
462 252

817 691
824 728

180 263
186 300

180 263
179 198

992 303
950 172

990 916
1014 977

132 214
76 236

132 214
57 95

91 1023
135 1020

819 611
824 632

462 252
389 119

186 300
129 305

186 300
248 359

47 575
87 626

419 818
404 813

76 236
1 266

596 770
584 787

171 191
132 214

724 351
725 324

454 692
384 672

454 692
457 599

655 420
696 352

584 787
549 899

634 719
596 770

783 726
764 784

718 579
652 645

313 156
248 242

831 499
771 525

456 879
411 927

456 879
419 818

50 875
58 934

673 126
668 14

87 626
123 727

630 684
634 719

630 684
599 657

372 802
362 814

129 305
79 399

764 784
791 845

548 335
487 407

37 738
50 875

886 350
849 327

886 350
992 303

895 694
960 642

549 899
591 917

549 899
456 879

179 198
171 191

1 266
20 307

824 632
877 634

824 632
817 691

950 172
841 158

244 539
160 513

82 1008
91 1023

300 807
309 848

309 848
276 915

