468 415
470 420
478 422
481 418
481 412
477 425
483 426
488 424
491 420
481 430
475 434
480 439
480 442
476 448
478 454
473 456
472 463
466 462
467 469
469 478
469 483
469 489
473 494
474 497
466 491
464 498
466 504
458 498
447 497
438 498
439 504
442 509
443 518
446 522
450 522
452 522
443 489
444 479
435 482
445 472
436 469
428 471
426 471
425 472
432 462
429 460
426 455
422 452
413 455
413 460
412 471
408 484
409 490
409 498
419 495
421 486
423 495
448 466
449 463
446 463
444 458
449 455
440 454
440 449
431 446
428 441
443 446
440 438
438 436
438 427
444 422
444 420
451 419
451 427
456 434
439 419
439 417
432 417
427 408
437 403
441 406
447 399
442 389
436 380
440 372
444 365
446 362
454 367
440 358
439 355
434 353
443 354
441 350
446 346
430 384
430 392
421 393
415 393
411 388
413 384
421 378
419 373
420 372
424 368
410 380
402 383
401 383
446 387
449 381
454 378
453 403
456 397
460 393
470 392
470 382
468 381
472 372
478 376
488 375
495 371
496 368
499 360
501 353
512 358
513 346
519 346
524 348
530 354
525 359
523 368
522 368
519 371
524 374
525 386
536 387
538 396
526 401
523 402
542 403
552 406
557 395
560 407
567 411
572 405
579 403
584 405
582 411
580 418
572 424
564 423
576 429
570 433
564 434
566 443
572 435
579 432
584 434
591 432
602 428
609 430
614 431
610 427
594 440
552 413
518 373
535 358
546 357
549 366
550 366
558 361
562 351
565 369
564 370
564 373
566 377
567 387
562 374
551 373
552 378
527 345
526 341
526 337
533 335
532 326
526 324
519 325
517 322
520 319
519 316
515 313
510 305
518 311
519 310
522 310
525 304
518 298
511 291
531 307
525 312
517 328
508 330
506 326
507 322
502 326
493 329
505 333
517 336
535 322
544 319
550 315
546 311
550 304
546 292
540 295
548 289
549 289
556 289
551 284
543 280
539 273
547 269
560 306
563 319
572 317
572 330
583 336
578 348
592 344
571 331
532 316
533 315
539 341
543 334
549 331
546 343
499 348
492 348
485 348
483 351
479 352
475 347
479 337
468 354
466 356
464 354
462 354
458 350
492 354
491 364
489 363
482 363
465 380
475 398
482 399
489 404
494 399
497 396
503 395
507 401
506 390
505 387
499 386
497 387
496 389
509 384
513 389
425 420
421 421
420 424
414 433
417 442
410 444
403 441
399 441
400 436
396 445
392 454
384 458
383 452
375 454
366 450
365 457
366 464
354 466
350 457
346 452
344 446
341 443
345 436
358 433
342 427
341 422
338 419
345 412
343 408
337 408
338 402
335 400
334 393
332 400
330 399
327 401
329 407
324 398
316 404
317 407
326 394
324 388
319 390
318 384
310 381
307 387
298 391
298 400
301 402
305 403
304 408
306 419
300 420
294 414
286 419
280 416
297 423
297 425
298 433
288 436
284 435
279 434
274 434
274 432
272 426
266 422
261 415
265 408
263 399
263 397
273 393
278 400
285 403
285 406
277 401
260 392
253 393
254 413
250 420
251 423
243 426
241 418
236 428
230 433
226 424
224 421
229 414
216 418
217 416
211 408
238 437
238 441
240 444
247 455
249 458
250 461
258 458
226 434
228 437
222 440
223 445
219 454
217 463
207 462
197 462
195 460
192 450
198 449
204 446
199 442
191 450
190 441
189 435
191 426
182 421
199 423
195 410
183 434
179 438
173 430
167 435
159 434
158 433
150 438
148 433
149 425
145 413
141 408
142 407
144 404
137 401
127 404
124 393
125 384
122 414
116 419
126 419
131 416
136 396
142 389
143 382
140 378
141 376
145 377
151 373
162 379
168 382
175 387
169 394
161 394
175 398
173 409
181 388
193 380
189 372
187 371
188 366
197 355
206 356
208 360
180 355
198 386
203 382
208 380
209 388
220 396
230 398
205 391
207 375
161 429
161 421
167 441
173 426
171 425
169 423
188 441
220 464
219 468
217 475
221 479
233 481
226 493
224 495
220 508
234 470
232 462
242 487
244 496
248 497
255 501
263 495
266 498
274 493
281 501
286 506
295 507
303 510
310 517
317 511
322 512
315 508
312 505
313 502
315 499
314 493
316 492
318 499
318 502
315 520
321 524
321 525
322 529
316 536
316 540
321 547
328 546
333 554
343 550
346 552
349 559
351 566
363 570
361 581
369 587
372 585
358 587
359 593
346 598
371 563
370 558
349 569
348 576
343 579
333 585
325 586
329 556
328 567
321 564
316 566
309 564
305 564
294 562
295 551
304 572
300 582
292 582
289 579
280 578
279 570
266 562
276 584
280 588
271 586
268 591
266 596
265 603
272 611
274 620
270 623
265 618
256 614
253 604
250 621
248 626
243 634
245 621
236 625
230 616
227 609
223 603
224 598
218 598
217 594
219 586
225 589
224 582
228 578
235 582
237 577
238 575
236 571
239 569
237 564
234 556
227 552
227 539
238 535
239 540
239 543
248 550
247 553
225 553
219 557
213 555
213 562
204 562
202 567
214 550
208 547
205 545
223 560
236 576
227 575
224 572
217 585
213 585
233 605
231 600
222 611
218 609
209 617
210 627
201 615
199 605
200 622
198 630
271 625
272 628
274 627
277 630
275 636
272 639
270 643
265 641
260 639
259 640
258 643
254 641
253 642
281 633
283 637
280 647
274 655
265 660
265 671
264 677
266 684
275 680
279 692
282 694
260 679
257 687
257 695
252 702
255 704
259 708
267 704
252 684
246 683
243 681
235 686
231 687
222 684
227 677
225 675
218 682
226 694
217 694
210 698
201 697
201 704
202 715
193 718
206 720
195 695
191 698
188 695
180 689
178 696
193 691
195 682
201 685
193 678
187 679
183 672
184 663
193 664
201 666
202 654
197 648
196 647
190 652
183 646
196 646
199 644
202 645
209 651
215 647
212 639
220 642
227 638
227 637
213 655
219 656
225 660
222 652
230 647
237 646
241 653
244 650
210 668
180 659
177 660
173 666
174 658
179 679
230 699
229 703
231 712
224 718
228 724
229 724
233 725
237 729
233 731
229 733
233 742
233 750
238 743
243 747
245 741
244 736
249 741
252 748
257 743
263 751
267 744
260 758
257 736
260 733
266 729
273 732
276 728
278 717
287 717
288 715
297 714
286 709
280 730
281 729
292 730
296 732
300 740
296 743
285 744
302 749
306 758
306 763
296 766
290 768
283 764
280 754
275 755
279 765
280 770
275 770
270 770
267 774
258 772
247 768
245 775
233 773
230 764
224 762
216 762
215 772
208 757
201 755
200 761
197 767
195 756
189 758
188 765
177 768
168 756
169 752
167 749
201 750
196 748
196 745
185 743
181 740
172 733
168 733
168 722
173 712
176 709
160 719
200 741
213 741
213 743
218 743
218 746
201 732
234 763
225 776
229 787
231 793
239 792
243 800
244 801
245 804
248 808
249 811
248 819
259 821
267 824
271 820
272 816
269 828
272 828
275 834
282 828
284 824
299 824
303 824
302 833
294 839
291 848
292 856
300 852
303 864
287 863
281 864
269 835
270 845
269 851
246 829
245 830
241 835
237 845
249 845
257 849
239 787
225 797
226 806
235 807
227 813
235 819
238 820
225 815
220 816
214 818
215 820
220 823
219 825
216 830
209 827
205 820
202 820
196 826
196 828
196 833
198 836
199 829
197 816
197 811
191 812
189 801
182 796
179 787
191 794
198 787
201 791
204 793
182 810
172 804
166 812
162 815
160 826
151 820
150 810
142 812
141 811
139 802
135 791
143 787
147 785
147 778
145 774
139 773
135 779
131 778
128 771
123 769
121 770
116 777
120 767
115 761
123 757
131 758
139 751
143 739
144 735
143 727
147 724
147 720
148 714
155 706
147 735
131 746
129 734
125 733
121 723
119 718
116 714
125 709
129 711
132 716
133 708
133 704
138 693
133 682
130 681
125 672
127 669
134 666
139 668
145 667
147 661
154 659
150 649
151 642
159 636
164 637
167 641
144 646
135 646
131 643
126 636
125 647
124 654
116 655
114 658
114 663
109 669
100 666
99 664
114 672
111 657
105 648
98 644
97 644
93 643
93 634
87 635
85 626
76 631
74 631
71 629
67 637
65 627
59 631
66 622
59 615
57 612
44 607
86 622
81 619
81 615
88 611
94 612
98 615
94 610
77 609
70 612
68 610
67 604
66 600
74 598
76 594
68 588
68 587
58 585
53 596
62 575
60 574
51 569
64 574
67 574
75 577
77 576
79 578
87 579
76 574
80 591
89 594
96 589
101 591
104 595
103 588
111 584
112 581
111 572
115 570
109 562
102 558
99 568
96 567
93 564
91 565
86 567
79 561
78 555
67 553
62 547
61 544
65 543
67 537
70 531
62 528
60 526
62 524
59 518
51 510
44 501
37 507
34 501
39 511
33 513
38 528
45 497
55 493
59 485
58 481
63 479
66 484
72 480
74 470
83 476
90 466
87 463
71 460
74 453
71 449
72 445
67 444
63 449
75 445
78 434
85 435
89 431
96 436
107 430
96 439
90 429
85 423
79 423
76 425
68 424
65 417
59 415
55 410
51 416
43 425
33 430
26 431
21 432
10 432
2 434
19 442
18 448
13 459
18 475
21 489
23 451
33 461
40 459
15 447
11 446
31 425
33 434
31 436
36 440
47 430
50 439
50 408
53 396
62 388
67 390
73 384
78 388
79 388
85 380
85 379
78 375
71 371
72 368
67 357
87 372
89 367
92 368
98 365
103 370
110 372
98 363
104 357
108 359
118 358
121 359
126 352
131 352
130 357
138 363
131 368
127 368
140 362
145 359
149 358
151 355
147 349
156 344
162 342
141 349
140 337
135 336
156 356
162 363
108 362
104 353
95 353
92 349
97 342
84 351
82 352
78 351
77 342
71 341
70 345
68 344
104 348
106 344
112 343
112 341
112 329
109 323
106 324
101 322
100 319
105 308
111 302
118 313
126 320
129 320
107 292
108 289
118 293
129 299
122 287
135 283
134 277
140 282
146 281
140 286
142 291
120 284
105 286
95 289
94 278
95 277
97 270
92 259
86 258
83 256
75 263
71 264
68 273
62 272
61 274
55 276
51 278
50 276
65 263
58 261
71 262
83 247
90 240
75 248
77 239
108 284
108 274
112 270
117 266
124 265
127 254
116 264
106 292
94 317
89 318
82 316
81 324
72 324
73 319
70 319
66 312
65 303
73 301
73 297
81 294
87 300
91 302
92 301
58 302
47 301
42 302
39 299
59 294
63 289
66 290
75 284
56 290
63 313
60 316
56 318
51 316
61 318
83 310
79 392
69 397
72 399
62 385
58 377
56 371
56 363
52 362
50 358
50 346
48 346
42 345
42 339
31 338
24 338
22 349
23 351
15 359
11 366
1 364
10 375
14 376
19 376
28 388
26 400
21 398
23 404
13 416
36 387
40 387
7 375
7 383
5 386
0 381
9 387
7 391
2 391
4 374
10 358
31 351
30 356
24 332
21 328
20 326
8 333
14 315
19 306
20 305
14 297
8 286
5 284
4 283
4 280
6 273
9 269
2 272
1 270
1 267
26 299
24 288
34 286
35 285
26 311
9 310
49 339
51 336
52 332
42 357
38 370
62 376
44 412
66 426
85 422
91 407
98 412
92 403
102 398
99 392
103 390
56 480
51 475
58 468
43 475
44 493
63 513
72 512
72 505
78 493
72 515
80 518
91 521
92 531
98 532
109 531
112 536
65 524
60 547
49 545
44 547
36 551
28 560
31 563
27 548
22 548
12 542
3 531
3 521
7 505
3 493
2 480
1 479
15 508
17 537
22 527
9 545
9 548
3 548
77 545
82 545
84 544
85 541
111 560
120 559
124 552
124 551
116 551
130 548
138 551
140 560
131 564
127 566
127 573
133 581
143 581
153 583
158 589
167 589
169 589
171 590
181 590
193 589
195 587
193 581
190 577
188 565
155 592
158 600
158 602
161 605
158 616
153 618
151 624
148 628
144 625
141 626
137 625
131 619
127 621
124 620
114 629
118 610
120 608
116 610
113 606
115 611
130 615
136 615
143 616
147 609
142 628
166 605
171 606
175 616
175 618
181 619
186 625
184 631
175 630
174 628
183 614
187 610
149 594
147 593
145 591
157 579
154 571
143 564
143 549
147 540
152 550
159 546
159 544
160 534
154 529
157 526
165 517
171 521
178 514
183 508
176 504
175 503
164 503
160 501
158 502
154 507
145 510
134 507
137 499
129 491
122 491
142 492
145 488
152 485
156 482
142 482
133 479
132 515
127 512
120 513
111 511
107 510
108 500
107 495
105 492
110 486
103 475
117 480
118 473
125 465
127 466
129 463
126 455
131 450
121 457
120 453
113 446
110 448
109 448
114 444
113 443
115 444
121 439
135 461
139 468
143 465
153 470
158 462
156 452
163 468
169 471
172 466
169 462
167 454
173 460
174 467
137 459
102 495
92 501
136 517
131 518
130 521
136 531
188 512
192 514
195 520
204 523
210 520
202 527
186 504
188 501
191 498
196 496
199 495
197 487
192 479
198 498
204 502
200 505
207 503
209 499
187 495
186 488
176 486
172 488
170 483
181 516
184 522
188 532
186 541
187 544
188 547
189 550
184 551
190 547
190 546
195 536
151 526
149 522
169 544
172 548
173 557
166 566
157 554
110 572
113 584
114 584
121 589
130 597
132 597
134 602
102 587
101 584
88 646
77 647
89 654
84 661
75 658
63 659
66 667
60 657
57 656
48 659
46 646
49 666
40 667
44 674
47 676
44 681
46 685
44 686
38 665
31 655
31 643
26 643
25 636
20 626
28 624
35 624
33 617
31 616
40 621
16 620
13 619
17 610
15 604
7 601
2 598
17 596
21 592
22 591
34 595
39 591
22 582
22 578
17 578
8 580
5 579
0 584
16 575
26 576
14 628
11 628
8 638
8 639
8 642
8 649
6 664
7 672
15 675
12 682
11 686
2 692
13 696
10 700
6 710
3 722
21 675
21 669
2 674
54 668
58 678
67 683
66 690
62 699
54 699
54 698
52 696
63 702
62 706
69 707
72 708
72 718
63 724
63 729
60 729
56 735
60 739
55 745
55 736
45 734
35 737
28 736
21 742
8 740
20 749
24 750
25 758
25 771
31 754
36 757
38 750
39 759
45 766
37 776
42 782
47 792
45 727
43 724
32 716
23 715
25 710
30 699
36 697
31 693
29 688
49 716
48 712
79 705
81 701
84 702
98 701
101 694
102 691
73 690
77 687
75 685
70 677
78 673
83 680
111 645
125 656
129 655
160 656
150 667
154 671
148 674
155 674
156 677
160 679
157 683
157 684
157 689
163 688
117 736
113 743
106 745
100 738
95 744
105 746
112 730
107 731
105 726
92 723
87 730
82 739
77 734
79 742
80 749
70 752
80 755
93 718
90 716
94 716
96 716
111 762
102 759
94 759
110 767
107 770
104 777
101 778
101 781
93 785
94 793
104 791
110 796
115 799
106 800
99 806
87 781
78 789
81 793
80 798
82 809
92 818
75 815
79 776
68 779
63 780
62 777
57 771
65 769
58 779
100 777
139 772
146 769
154 764
157 772
160 779
166 785
151 757
150 786
145 790
147 828
145 828
141 829
138 823
133 825
124 827
125 820
124 811
123 810
117 827
112 829
106 832
106 838
105 839
116 824
125 831
119 837
143 832
147 838
143 842
142 843
136 849
133 853
160 830
169 830
173 831
171 838
178 843
178 853
178 859
173 865
170 868
163 878
172 886
181 880
185 880
190 881
190 875
191 872
195 873
200 869
210 879
220 875
232 869
234 867
238 870
238 872
243 875
247 872
256 869
244 868
236 875
209 881
198 860
211 861
198 851
190 882
192 886
195 885
190 888
193 890
200 894
197 902
203 904
207 901
209 907
212 910
211 913
213 925
211 927
213 935
219 943
213 951
216 955
224 956
228 956
232 963
239 955
225 937
230 944
237 940
238 940
206 934
202 933
201 932
191 936
182 931
180 932
175 927
167 922
186 944
181 943
169 943
169 948
166 948
162 955
157 962
153 962
152 966
169 949
190 946
197 945
192 903
185 903
177 908
174 907
197 907
191 912
189 917
185 915
189 921
172 888
158 874
152 871
155 868
149 873
146 873
141 884
147 892
145 900
151 907
155 902
159 905
162 902
148 909
150 911
140 903
132 903
128 901
128 895
130 894
134 893
128 892
123 891
127 882
115 894
119 901
120 908
119 909
114 894
103 891
95 883
87 887
82 889
78 898
81 902
90 901
91 898
91 902
94 905
94 909
97 906
80 907
77 910
70 917
61 913
62 908
63 906
65 901
62 898
55 899
52 903
65 907
81 917
81 921
77 931
82 938
87 931
92 922
89 940
95 949
103 946
107 947
104 944
108 937
98 933
109 936
114 934
117 928
122 927
122 922
123 931
128 928
129 929
114 939
117 939
118 942
120 951
113 954
112 966
116 969
111 974
115 980
112 984
110 994
100 991
104 1001
103 957
99 962
93 963
89 964
80 966
79 969
79 970
126 954
134 959
139 962
143 954
141 951
124 940
130 943
133 940
135 936
137 934
139 937
145 934
151 935
152 928
144 925
142 923
77 942
74 947
74 953
69 961
60 958
53 958
49 960
50 969
43 967
37 972
40 980
48 987
53 988
62 995
72 998
82 996
83 999
72 999
76 1010
80 1011
80 1013
87 1023
93 1012
102 1014
102 1017
74 1023
61 983
64 983
68 981
75 987
80 982
86 985
88 977
96 976
96 979
68 976
46 991
46 994
31 977
28 968
24 978
18 977
9 982
6 975
4 976
2 972
15 969
23 983
22 983
19 987
19 992
9 1001
3 1005
4 1011
0 1018
7 999
23 995
24 1007
34 1008
22 1013
25 1019
35 1023
26 990
76 941
69 941
67 947
68 938
66 939
57 940
52 936
52 927
48 922
55 925
60 924
47 938
38 938
36 941
32 938
24 936
25 928
19 926
30 929
19 939
10 937
7 929
0 932
0 924
37 943
35 946
36 952
28 955
22 955
13 955
84 908
93 877
88 873
91 863
89 855
99 852
100 853
85 855
82 855
77 851
67 854
71 864
70 869
61 853
59 843
58 836
60 854
49 850
44 856
40 851
37 849
27 846
41 843
39 831
40 823
50 825
56 814
63 823
58 808
61 802
60 801
59 797
53 805
51 811
36 814
34 814
27 805
29 797
26 795
20 787
8 780
4 779
1 786
8 776
9 763
30 823
26 830
21 826
17 836
12 834
8 832
9 825
10 817
0 809
10 837
6 839
0 846
1 858
10 861
0 866
10 841
40 859
36 860
34 858
36 861
35 868
30 877
34 885
45 886
45 880
50 879
60 883
53 869
32 886
27 897
25 902
15 911
14 897
11 895
4 898
3 900
2 897
1 889
31 903
37 906
29 915
40 909
39 904
22 885
14 881
41 869
33 861
24 858
79 843
86 832
72 840
97 864
100 865
110 866
118 860
111 853
106 875
113 878
147 869
150 862
158 856
163 853
146 859
161 813
167 797
181 813
201 810
215 833
221 837
228 838
220 843
223 845
219 846
219 806
215 805
209 806
209 807
264 782
272 786
268 794
260 794
254 794
275 784
283 785
285 786
288 791
286 799
279 796
286 800
291 791
290 785
293 777
300 782
302 783
308 781
318 779
321 776
322 770
329 768
332 761
340 760
343 769
339 778
351 770
355 778
362 786
360 792
355 802
353 803
353 804
359 813
366 820
375 816
376 823
371 830
369 833
367 833
364 841
357 846
359 851
360 854
362 853
366 852
373 853
378 860
375 865
374 851
359 856
361 860
359 867
355 867
352 870
354 876
353 878
352 879
350 883
349 887
342 887
335 887
352 889
359 897
365 897
364 902
364 906
370 907
373 901
378 905
377 914
377 918
386 917
383 928
385 939
395 914
405 925
408 927
401 907
407 909
400 903
372 917
371 922
382 902
384 902
388 901
385 895
388 894
398 889
402 890
405 888
403 879
407 876
404 870
394 871
391 866
405 865
415 863
419 869
408 888
411 894
414 895
418 895
426 890
432 890
430 885
436 881
436 880
440 873
434 863
429 862
450 878
447 885
452 877
454 881
456 890
465 890
453 894
453 901
461 900
463 899
464 900
468 899
477 901
454 907
451 910
455 919
455 924
455 930
451 939
443 941
440 940
434 936
426 935
427 943
421 947
411 942
424 954
430 959
434 934
454 942
463 941
468 942
474 942
478 939
487 942
477 934
472 925
471 917
469 946
473 953
478 955
476 964
482 964
487 966
489 959
490 958
500 955
505 958
506 962
515 967
521 974
527 974
529 977
533 976
534 975
538 976
529 973
529 965
533 955
535 967
522 978
520 981
513 982
507 985
524 985
517 993
515 996
511 1000
500 997
518 997
525 1002
518 1007
509 1022
493 1021
529 1002
529 1013
530 988
538 991
540 999
540 990
546 986
501 966
477 968
472 969
466 971
457 977
450 983
443 976
437 982
435 981
433 975
455 988
464 990
465 991
463 1001
465 1004
478 1003
476 1012
475 1014
479 1001
486 1002
462 1002
461 1006
458 1010
452 1009
452 1016
457 1022
448 1021
446 1023
453 1005
454 1003
444 996
437 1003
434 1003
430 1000
423 1005
421 998
417 987
406 985
404 981
402 985
394 985
391 989
391 983
390 971
399 965
406 965
408 966
420 969
398 960
392 958
385 953
400 957
386 967
373 964
360 961
353 966
360 972
350 968
385 982
411 1002
405 1008
411 1019
404 1022
402 1023
395 1016
390 1018
388 1018
387 1018
381 1018
379 1013
375 1008
372 1005
361 1003
358 994
346 990
344 991
341 999
330 1004
337 1011
340 1013
358 1008
374 1000
383 1009
388 1009
408 998
426 1009
429 1011
425 1010
466 990
471 989
477 981
482 986
485 982
486 988
462 965
453 957
480 952
444 910
443 911
430 910
426 918
460 876
457 865
461 856
466 848
458 840
455 840
450 849
468 848
473 847
477 837
479 837
487 839
491 828
488 819
500 828
504 825
507 814
504 811
509 805
517 810
517 800
528 801
528 804
497 811
490 805
485 803
480 802
484 806
507 826
510 827
518 831
517 842
525 842
530 842
535 844
545 850
553 845
556 843
532 854
526 859
526 863
536 867
541 866
544 862
547 866
542 870
540 876
547 880
552 878
558 879
567 882
561 873
570 869
576 869
575 861
585 861
590 864
596 874
602 876
587 859
582 852
589 849
555 884
562 895
562 897
549 888
538 883
534 882
532 882
529 882
530 877
538 886
534 891
542 894
529 890
528 895
519 902
518 903
509 911
492 917
505 898
532 902
526 912
531 921
529 933
540 933
548 946
549 946
531 941
528 942
520 948
512 945
510 944
512 940
508 939
510 931
511 928
514 928
511 927
502 940
510 946
518 952
535 918
541 916
544 920
535 903
545 871
535 871
538 838
543 836
545 832
553 829
558 831
563 830
569 823
576 827
586 828
591 828
589 819
590 835
581 836
576 841
573 844
570 844
564 853
556 858
596 825
600 822
608 819
619 821
624 828
615 832
625 829
623 839
617 849
611 855
603 864
631 842
628 829
632 831
608 815
603 807
599 827
579 818
578 807
580 802
578 800
568 803
561 804
557 793
557 792
555 789
565 784
571 777
570 773
580 770
589 771
589 782
589 783
586 783
581 782
567 765
575 757
585 750
561 757
561 753
563 749
567 743
566 741
574 737
559 747
550 788
548 786
542 825
537 819
537 817
538 811
546 812
548 814
517 845
525 828
523 824
491 848
502 845
487 858
487 866
490 868
496 874
494 882
484 883
479 885
476 886
472 877
474 875
470 867
503 884
512 881
493 864
498 860
509 860
485 868
425 883
435 891
385 886
386 882
388 906
356 876
362 874
368 872
374 874
375 882
367 869
357 854
377 811
381 815
384 815
386 814
394 808
397 815
406 813
412 818
411 821
405 809
407 809
414 810
420 805
422 800
424 796
428 795
438 798
444 805
446 813
456 816
444 820
434 827
428 821
423 829
420 835
420 836
411 839
405 838
394 839
393 843
390 851
429 836
433 839
431 845
437 845
451 826
445 793
452 792
454 782
448 774
444 772
439 763
456 782
459 776
459 771
470 771
476 770
482 777
486 776
486 770
493 766
496 772
495 765
503 764
511 770
518 773
521 769
521 758
523 755
530 767
535 777
530 783
540 765
543 755
540 752
547 765
499 757
496 755
496 754
499 748
511 750
514 746
498 746
498 738
496 735
493 727
499 718
506 712
508 701
497 702
493 703
490 698
482 704
482 716
478 730
495 694
496 691
498 688
491 682
487 676
479 677
475 681
474 681
469 684
466 688
464 694
469 703
467 710
467 711
460 722
461 692
467 681
466 670
468 664
461 671
460 666
458 665
461 657
465 653
466 647
458 648
449 650
468 640
468 634
467 623
466 613
475 611
475 608
459 633
449 635
448 633
444 628
442 628
433 629
433 640
438 649
436 653
434 656
431 658
434 667
428 669
426 678
430 685
427 688
429 696
436 694
443 697
439 702
441 704
453 706
437 709
428 710
426 724
429 725
431 727
427 736
427 738
429 739
424 751
425 753
424 762
417 759
424 764
440 727
443 726
424 726
420 726
417 735
410 728
402 730
408 722
409 740
406 751
422 710
421 705
418 705
410 702
447 692
445 689
446 688
444 683
438 677
449 681
431 701
426 667
419 669
413 673
411 681
402 680
404 688
396 680
389 677
380 679
372 674
370 666
368 663
371 662
373 655
376 653
386 654
391 660
399 652
401 648
405 650
408 652
417 655
406 649
369 675
365 677
380 681
382 687
382 688
386 694
380 698
384 701
388 704
397 700
400 702
379 681
385 670
414 687
426 624
416 622
413 614
413 605
413 600
420 594
425 600
433 600
440 596
445 606
441 592
436 587
437 581
444 573
438 563
449 560
448 550
454 540
463 542
463 538
468 535
474 539
481 534
484 539
484 546
489 544
492 540
492 534
492 533
498 530
508 533
511 526
507 536
509 542
509 548
516 553
514 561
514 543
525 544
527 530
515 538
488 533
483 549
486 554
495 553
502 556
486 561
490 564
488 566
491 575
497 581
490 584
479 587
500 578
502 575
509 573
510 572
502 580
503 586
498 597
496 603
488 606
483 566
473 565
470 574
470 579
463 591
460 595
462 598
480 557
472 552
481 531
475 522
484 520
462 534
465 529
454 565
460 561
434 588
429 587
421 611
412 614
408 622
407 632
417 639
419 642
418 638
404 633
403 636
442 623
446 622
452 624
452 618
475 633
477 638
484 633
483 628
489 626
491 621
489 669
491 664
495 664
495 654
493 643
497 636
505 642
506 643
508 649
506 641
513 637
519 628
504 630
499 664
489 663
482 664
479 662
480 657
501 689
505 686
513 686
514 679
513 677
513 676
521 672
517 666
517 658
524 654
531 650
536 640
548 637
551 637
564 631
551 643
557 648
564 652
526 659
528 667
536 663
544 670
547 674
555 667
556 667
562 666
564 678
565 682
569 686
571 691
571 697
571 702
572 705
575 707
575 713
577 718
579 717
571 716
571 722
568 723
564 729
573 691
583 695
585 701
591 708
600 704
598 696
593 714
593 716
599 718
606 719
614 713
622 719
628 717
627 723
635 730
629 738
624 744
644 728
648 733
649 732
632 715
636 709
647 710
650 710
651 712
652 717
661 724
666 715
662 733
663 740
674 735
683 736
688 727
696 718
697 713
692 710
677 723
695 733
699 738
706 739
704 746
700 748
698 753
697 759
702 762
702 753
711 744
720 750
722 746
727 744
732 753
735 760
731 768
728 773
727 780
727 783
729 784
732 790
731 796
723 800
722 794
715 798
710 796
706 804
713 807
701 804
699 795
701 793
706 784
703 777
700 778
719 790
725 805
729 815
721 815
718 818
708 821
699 815
689 818
691 823
697 828
697 831
698 833
692 837
694 840
699 854
686 827
682 826
677 826
669 832
668 842
658 838
656 843
654 835
652 831
647 824
645 817
644 816
649 810
659 808
667 809
645 803
655 794
640 808
630 808
632 816
666 848
665 855
674 855
676 859
681 865
685 860
666 862
660 871
653 870
649 872
641 868
632 868
634 861
626 869
622 863
621 873
661 876
659 878
658 855
652 859
682 823
685 817
680 809
678 805
681 804
681 798
708 827
711 830
711 839
718 840
726 835
728 835
732 841
733 842
737 841
737 835
744 833
755 831
761 829
766 831
762 839
772 835
774 836
776 843
772 851
770 859
761 860
758 867
753 861
748 855
742 862
745 869
740 871
746 871
764 870
768 873
768 878
758 879
770 886
763 894
762 901
769 906
769 910
768 910
763 914
765 920
769 923
765 931
761 937
755 945
757 953
766 956
776 949
779 951
788 956
788 962
788 967
754 959
756 963
749 965
749 972
748 964
744 958
740 959
738 966
736 956
727 955
720 951
715 952
711 950
703 940
704 929
709 924
714 932
715 920
713 912
721 905
723 901
730 901
727 892
717 888
715 885
731 891
737 888
742 897
732 901
709 911
699 914
694 918
685 918
683 919
676 916
670 919
665 917
666 908
669 902
675 902
685 924
680 925
679 931
674 929
668 932
667 940
662 932
657 931
650 935
645 932
646 927
639 917
630 908
623 913
615 912
605 917
614 924
600 921
598 917
624 915
628 901
617 901
608 901
608 896
635 895
645 898
649 888
644 903
649 903
630 886
652 920
654 920
650 940
650 950
643 955
635 946
634 938
627 946
622 951
617 947
611 944
604 952
602 957
598 966
595 964
590 969
592 979
587 984
580 989
574 995
563 999
560 1000
554 997
550 1012
551 1022
550 1023
575 986
577 981
569 975
569 971
565 972
554 971
572 969
568 962
560 958
569 956
569 953
576 950
578 948
570 956
575 969
573 985
590 990
591 992
590 1003
584 1008
577 1009
580 1019
581 1019
569 1013
597 982
599 983
608 988
610 989
611 999
621 993
623 1004
625 1007
622 1010
617 1010
616 1013
609 1018
598 1016
597 1023
595 1023
624 989
629 988
634 997
626 982
624 975
617 965
630 973
635 979
634 967
586 964
584 959
611 943
612 939
604 937
595 935
590 929
584 930
586 924
581 912
583 904
586 898
583 890
586 885
595 888
581 934
573 936
569 932
567 937
563 935
557 933
554 928
570 929
564 923
563 921
556 912
568 915
618 938
628 953
630 953
624 943
647 960
656 965
660 968
664 970
658 938
680 934
680 941
682 942
685 941
695 922
697 908
697 899
696 896
691 896
688 895
686 890
690 883
690 882
695 881
704 878
708 870
717 874
720 862
723 854
726 877
681 888
694 892
699 890
700 891
704 893
704 897
691 907
690 906
684 908
720 920
730 929
697 944
704 957
701 958
699 963
690 958
681 966
706 968
714 967
715 974
717 982
714 987
718 990
722 1001
730 997
733 998
738 1001
740 1003
739 1005
741 1011
737 1014
742 1018
744 1021
753 1018
762 1011
771 1012
781 1017
787 1011
795 1019
800 1020
804 1019
803 1014
813 1012
800 1011
788 1010
769 1021
769 1022
757 1007
762 1004
769 997
777 1002
779 1001
779 996
785 993
792 998
780 987
771 973
767 976
754 1006
755 1001
750 996
758 999
735 1016
734 1005
715 1003
706 1010
700 1008
705 1016
717 1015
721 1015
700 1020
692 1018
682 1015
681 1010
677 1011
673 1008
665 1008
660 1010
661 1016
645 1023
670 1020
675 1023
656 1008
655 1006
651 998
650 994
657 990
657 982
661 992
668 990
675 991
685 987
687 998
687 1000
690 979
696 982
674 994
669 983
675 979
676 979
649 991
649 998
665 1003
675 1006
726 985
732 981
713 988
714 965
715 953
722 948
739 949
747 956
757 932
756 933
744 937
776 921
778 917
775 883
781 892
760 855
757 850
770 827
772 826
773 826
779 826
777 820
780 814
782 831
792 828
797 830
803 836
812 835
812 827
809 818
810 808
810 803
815 802
807 799
808 795
810 792
806 788
804 784
802 781
809 776
813 776
817 770
813 762
811 760
808 760
807 749
807 741
803 760
824 773
828 782
830 782
834 786
835 789
839 787
843 793
851 795
845 801
845 808
848 814
851 804
853 805
864 804
864 798
862 787
869 788
877 792
877 783
876 780
872 772
878 779
880 792
857 783
857 782
850 778
861 777
858 769
859 762
869 755
863 750
867 747
867 743
871 756
868 805
875 807
876 805
866 808
831 768
837 763
834 755
842 750
838 741
844 738
846 730
844 725
852 719
844 708
845 704
850 705
849 743
852 743
828 751
821 742
820 732
827 729
833 722
833 717
819 754
818 753
814 777
818 784
800 777
793 771
790 771
789 776
785 774
785 773
786 779
776 780
771 777
769 780
759 778
761 770
758 768
763 763
768 759
777 754
773 746
765 742
766 740
775 733
778 726
788 730
793 733
791 743
801 731
790 728
796 721
807 718
776 724
775 715
780 711
784 707
793 707
783 704
784 701
788 698
791 693
794 687
802 691
810 695
806 699
808 701
815 701
820 708
805 700
802 703
807 686
815 685
817 685
824 681
829 681
833 684
835 681
833 676
832 670
834 668
842 672
846 668
850 666
852 664
854 667
855 669
851 672
850 676
853 682
847 688
858 677
848 677
828 662
817 658
816 652
815 647
807 645
810 636
812 634
819 637
825 642
814 631
830 655
839 650
841 641
849 632
851 634
836 632
828 622
830 617
833 687
824 677
826 673
820 671
799 682
782 698
778 696
773 691
768 697
771 687
773 682
773 675
763 676
777 683
782 680
790 672
785 661
774 659
781 650
780 643
769 644
782 640
778 632
782 625
790 622
793 613
797 607
797 597
797 593
791 587
798 581
803 576
797 568
798 566
800 563
796 562
793 560
796 558
805 551
804 545
806 539
817 539
822 538
828 541
830 544
832 549
840 543
842 545
846 541
851 536
847 533
852 527
845 525
836 523
832 520
833 516
833 507
836 504
832 501
839 493
838 489
833 490
829 488
828 484
824 499
838 507
842 514
848 514
831 520
821 515
855 535
858 534
866 534
870 525
866 515
860 518
876 527
877 534
887 535
899 539
900 547
910 543
917 542
900 549
894 552
889 556
892 561
888 564
893 549
904 552
902 561
900 571
910 565
915 569
919 567
882 524
866 537
864 543
874 546
867 555
862 560
860 565
865 565
866 569
873 574
870 578
875 580
876 581
877 584
880 586
891 585
891 597
885 600
881 615
896 615
869 580
865 579
863 582
861 584
861 586
853 587
851 594
854 604
844 608
848 619
857 616
859 619
838 607
833 604
833 597
833 593
862 601
863 602
859 569
849 567
839 570
838 575
840 579
838 582
859 559
857 560
850 544
848 553
828 545
824 550
818 558
821 568
825 575
826 583
830 538
800 543
793 536
788 542
792 529
806 552
808 581
815 593
787 579
787 575
778 566
777 565
772 566
773 577
774 581
770 582
762 566
756 559
752 562
748 568
749 573
748 576
745 580
751 586
755 597
755 603
745 606
749 615
753 622
763 617
739 601
736 601
760 599
766 604
769 600
766 605
745 589
744 590
740 574
731 577
726 571
755 558
751 556
751 555
799 615
801 616
808 614
814 618
808 608
800 620
805 621
790 610
780 620
779 609
775 634
784 683
771 713
765 711
760 705
760 738
762 728
755 740
751 733
745 736
751 731
748 727
783 760
753 772
755 763
759 783
755 786
762 797
751 785
787 781
788 785
788 792
786 794
805 808
798 810
794 818
794 805
814 808
818 808
828 808
831 801
824 797
820 825
829 825
836 817
844 827
801 841
801 842
791 842
788 850
785 851
787 856
791 861
795 855
796 852
806 851
792 862
792 870
794 876
795 883
798 885
810 884
809 890
808 895
803 900
793 906
787 907
783 906
794 909
800 913
799 919
802 922
801 925
796 924
787 932
795 942
792 915
810 896
812 883
815 880
811 873
814 866
819 870
829 860
826 857
828 852
836 845
835 839
835 838
821 852
806 873
817 881
820 886
819 895
826 900
820 908
828 899
824 885
828 883
829 888
835 885
839 879
838 875
846 873
848 868
857 869
859 868
869 865
873 855
883 860
885 862
876 845
865 843
861 846
850 840
882 842
881 832
879 820
891 820
886 841
893 834
875 873
881 880
876 883
875 891
872 892
870 897
866 901
874 899
883 881
882 886
888 886
887 880
889 876
898 880
899 890
897 892
890 900
892 902
887 907
883 909
886 916
885 919
878 924
871 932
872 936
875 938
883 943
875 948
866 955
873 961
878 960
888 960
893 970
904 964
889 974
871 965
867 970
859 970
857 978
863 957
861 957
859 956
860 954
855 949
849 955
843 957
839 949
841 946
842 945
847 944
841 942
833 936
830 941
826 940
833 931
841 929
851 925
852 933
852 934
829 932
824 931
819 933
812 932
813 938
809 940
807 947
802 954
801 957
802 958
803 963
803 969
807 978
807 981
804 983
795 981
810 980
821 981
827 976
833 972
833 968
824 988
833 993
836 990
839 984
843 987
843 996
849 995
850 1000
850 1004
867 1005
874 989
878 989
874 988
869 1006
871 1016
851 993
841 982
845 976
844 973
834 997
836 1004
827 1007
839 1010
840 1012
832 1021
848 1015
809 963
816 966
819 966
821 958
863 949
888 943
889 946
894 943
902 945
909 950
916 954
919 951
922 942
926 957
926 962
930 966
937 966
938 960
941 950
949 942
944 934
942 933
937 934
941 930
933 948
947 954
951 957
952 957
959 948
953 961
953 966
953 971
966 974
973 974
930 969
919 971
928 978
936 987
944 983
946 984
952 988
962 995
966 997
962 1007
972 992
976 993
983 989
988 978
984 966
993 960
982 964
975 960
978 954
973 952
978 942
971 937
981 935
980 925
988 920
991 916
993 903
972 924
969 926
958 924
970 922
971 914
987 939
989 932
995 928
1002 926
999 933
998 942
1002 949
1007 942
1008 953
1013 955
1011 967
1002 969
1019 954
1020 955
1000 982
1009 985
1017 988
1023 984
1021 994
1020 995
1006 991
1005 1000
1012 1007
1007 1018
1015 1023
1023 1011
985 991
989 994
986 998
993 993
978 996
979 1007
982 1012
979 1013
972 1013
963 1022
984 1014
988 1015
988 1009
948 997
946 1010
941 1016
929 1016
914 1011
911 1005
908 1002
908 995
919 993
897 994
907 987
911 1015
906 1011
897 1008
894 1007
887 1009
889 1023
951 1015
945 996
933 1002
880 926
889 920
894 923
895 917
898 913
907 919
911 924
923 921
932 918
939 915
942 915
942 912
947 908
958 909
944 917
948 916
926 926
923 927
905 908
912 901
913 891
909 885
919 887
928 892
931 892
938 885
949 885
953 889
964 888
969 892
970 892
978 899
964 882
953 893
920 883
924 877
917 880
914 874
904 871
904 868
898 864
900 857
894 850
901 842
912 838
917 838
918 838
918 846
928 850
933 855
944 857
945 850
943 839
955 850
961 853
964 853
966 847
969 839
964 833
961 838
960 838
956 838
968 830
963 823
968 816
971 814
972 807
967 797
975 815
979 817
977 824
977 831
957 822
947 824
946 813
946 804
936 808
935 812
926 811
919 818
918 819
913 821
909 824
911 826
932 818
936 820
940 796
944 787
931 796
930 798
971 849
974 857
976 859
982 857
986 868
989 867
995 868
992 876
999 884
1004 883
1008 884
1008 893
1010 901
1007 906
1008 908
1018 909
1019 906
1018 912
1015 919
1023 924
1006 906
1009 880
1010 878
1017 877
1019 883
1016 884
1005 875
1005 873
986 877
977 879
996 866
983 852
987 855
984 850
984 845
986 850
990 851
994 849
991 844
992 837
986 838
985 835
999 850
1005 845
1006 838
1010 846
1018 841
1018 828
1019 824
1013 815
1002 819
998 822
994 821
1020 813
1012 811
1014 806
1011 804
1010 799
1015 791
1018 784
1003 796
991 802
991 803
989 808
1003 795
1022 850
1019 858
1005 853
961 855
958 863
954 872
944 860
946 862
923 839
925 838
930 839
917 909
922 906
882 908
861 872
845 860
849 854
839 891
844 890
852 888
856 892
854 901
847 903
848 907
847 912
841 909
836 915
834 913
840 903
860 889
861 886
788 871
803 826
763 826
733 846
736 845
709 841
730 819
729 821
729 823
735 824
742 820
748 820
747 814
745 805
744 804
743 793
750 813
741 817
738 760
740 764
740 768
722 736
722 735
721 731
720 730
718 727
714 725
706 734
662 752
663 755
671 756
657 758
652 753
650 754
645 762
658 761
658 764
658 767
656 771
652 778
644 782
613 708
610 701
612 697
620 694
620 684
623 674
631 678
631 684
635 676
637 674
640 667
637 659
630 658
627 662
622 657
623 651
619 647
625 640
618 634
610 634
610 626
619 629
618 617
612 608
611 607
617 598
624 592
601 611
595 612
589 613
580 612
575 608
570 612
574 607
592 620
600 606
594 602
593 598
587 599
578 591
568 590
564 587
562 586
553 578
551 571
539 573
528 571
527 560
527 572
540 584
538 588
538 589
542 596
538 605
539 612
532 613
524 605
523 603
518 592
517 590
520 589
518 585
523 590
518 605
516 608
508 612
544 612
550 619
555 614
553 605
558 598
547 594
546 562
552 552
560 557
570 558
573 569
585 568
585 579
573 571
577 556
580 557
586 546
585 542
588 533
578 539
570 541
563 534
578 538
578 532
573 533
589 547
540 557
597 598
606 596
605 591
610 580
597 588
628 616
626 605
637 607
648 606
652 615
651 616
653 618
660 617
666 623
667 626
671 625
679 627
681 629
688 628
667 627
667 628
666 633
671 643
675 650
675 659
667 667
664 677
672 682
681 685
677 693
678 696
673 702
681 701
681 677
683 675
667 688
662 658
655 657
650 647
666 614
669 606
681 611
630 634
635 638
634 647
636 649
641 638
645 632
641 627
633 631
616 645
647 671
651 677
643 681
647 685
648 687
642 695
649 687
650 689
655 690
614 684
609 685
609 677
605 675
597 668
589 665
583 673
584 675
589 660
591 658
593 649
597 640
586 645
576 649
586 637
584 633
599 664
599 662
600 664
602 681
609 673
608 722
608 727
617 728
601 731
598 741
588 736
588 734
605 749
605 759
614 756
621 759
629 766
624 773
612 773
612 779
602 786
597 793
630 778
624 782
628 792
620 797
630 755
634 750
614 755
598 721
597 722
585 694
586 691
592 684
592 682
562 679
571 664
545 677
537 676
513 659
506 671
515 688
519 691
520 686
524 689
519 692
519 694
512 718
524 718
524 731
528 734
525 739
533 733
542 734
549 730
542 724
542 721
549 719
544 713
550 736
524 706
532 701
540 697
548 695
556 694
538 692
500 734
506 731
497 747
488 749
483 753
480 747
478 755
488 780
489 781
489 787
500 792
507 787
510 785
499 796
487 789
492 779
481 781
457 763
463 757
455 753
447 747
455 742
452 737
456 735
459 736
444 752
457 797
462 805
463 808
473 813
476 818
475 824
465 824
463 794
469 796
407 808
406 804
411 802
411 794
406 787
414 785
423 784
405 781
406 778
402 776
407 777
402 801
389 822
376 807
382 804
378 798
385 790
385 787
383 776
385 773
395 765
392 786
393 783
374 789
385 802
354 818
346 820
336 817
345 827
341 828
343 834
341 841
340 846
337 841
328 840
323 830
323 820
322 817
324 809
328 800
324 793
317 818
327 843
328 852
317 854
320 860
337 858
335 863
331 867
332 869
326 876
320 882
314 886
319 890
312 898
311 904
299 902
318 911
320 915
320 925
308 921
303 924
302 931
305 938
303 947
302 958
302 962
297 962
292 968
297 975
291 986
288 997
284 1002
272 1005
265 1006
260 1020
257 1003
244 1006
243 1013
233 1015
244 1015
243 1004
241 1000
241 987
228 987
223 979
214 977
214 976
206 971
202 973
196 979
187 981
201 969
201 968
191 962
189 962
180 960
222 992
212 996
205 991
203 994
192 1001
186 1000
179 992
170 999
174 1003
176 1016
176 1022
168 999
159 999
151 994
146 998
141 995
137 986
141 982
148 989
151 986
163 987
172 980
160 1004
159 1006
154 1014
152 1017
141 1021
140 1021
129 1018
120 1019
118 1012
118 1020
115 1022
156 1016
156 1017
209 1002
208 1004
213 1009
213 1012
208 1015
205 1017
205 1018
196 1018
190 1015
211 1023
217 1021
242 982
241 976
243 972
267 998
269 987
265 979
258 983
261 973
258 967
252 957
265 964
277 985
281 978
286 1009
286 1013
294 1014
301 1017
312 1021
315 1019
303 1012
305 1002
314 1007
311 994
321 987
285 1019
305 982
306 958
315 955
314 964
325 963
329 964
334 969
327 975
313 968
314 974
296 938
300 921
297 921
293 925
289 920
280 919
289 928
280 931
270 932
264 938
269 949
281 956
283 955
255 939
254 939
252 942
261 931
256 928
255 919
246 921
244 912
249 909
251 903
245 903
240 898
232 891
239 911
232 906
223 901
229 914
228 916
240 922
233 927
231 925
244 928
260 914
265 906
270 910
279 904
267 901
265 888
273 881
276 886
285 890
261 887
263 905
262 926
286 938
286 941
297 919
294 915
301 919
304 915
326 925
328 925
334 921
339 912
329 908
329 907
343 909
345 912
350 913
351 920
336 923
330 927
321 929
319 935
322 938
331 937
337 939
345 931
353 941
347 948
358 935
370 936
323 944
325 896
325 897
309 884
307 883
297 880
309 879
354 826
358 827
349 806
341 754
344 755
346 752
345 749
346 747
351 745
345 745
336 743
347 740
354 734
359 737
361 738
366 739
367 749
359 754
369 756
374 760
377 759
378 755
381 759
383 756
382 752
357 729
356 720
350 720
343 715
338 709
335 705
329 712
341 698
347 691
337 688
330 690
326 688
325 689
351 684
353 684
353 685
350 693
344 726
340 724
360 720
368 722
371 720
377 720
377 732
388 736
373 715
372 708
368 701
367 692
360 716
361 713
358 713
347 753
322 766
326 776
313 788
307 792
310 796
303 799
300 806
300 796
313 797
314 799
260 782
256 784
271 766
294 753
305 740
307 735
316 738
324 746
306 732
311 729
310 723
308 718
308 711
303 699
300 693
295 686
276 733
244 750
234 723
241 721
247 719
247 713
248 722
253 720
258 719
222 716
218 719
221 712
236 689
241 694
240 704
244 677
263 654
253 658
285 648
291 646
297 653
301 660
304 662
310 661
312 658
315 656
317 654
325 656
330 648
337 654
342 658
339 665
344 666
350 661
354 671
350 654
336 667
334 675
328 671
339 675
341 674
330 645
334 637
338 638
343 632
347 626
348 625
354 628
358 630
356 640
365 640
363 647
370 635
376 634
316 649
315 648
316 641
318 640
318 633
324 625
311 646
302 639
301 630
296 623
312 663
308 667
309 678
313 683
314 692
300 661
299 662
304 652
280 613
285 618
261 596
253 589
256 580
255 577
249 587
246 589
304 588
306 595
307 599
305 600
297 601
307 601
309 605
312 610
318 613
329 608
325 602
330 608
338 613
350 613
355 610
356 610
364 605
365 615
373 617
374 610
377 600
388 604
395 604
394 609
393 617
387 618
396 601
393 593
392 587
402 583
401 576
402 572
394 568
403 572
407 567
407 556
403 552
408 547
413 548
419 537
425 540
425 542
431 548
438 541
437 535
422 532
412 526
410 525
405 531
401 534
398 538
390 538
389 532
410 518
414 517
419 519
430 517
399 555
407 582
415 582
421 573
423 570
422 564
425 562
403 586
390 579
387 578
401 597
398 604
314 621
299 591
296 592
290 596
289 604
287 595
310 574
332 569
331 573
319 549
314 541
308 543
305 533
306 547
326 536
335 528
336 525
337 520
338 516
336 512
337 511
344 511
348 509
349 507
345 504
344 505
338 501
339 495
338 486
329 491
345 503
349 498
348 493
351 491
363 495
364 502
334 508
341 524
347 530
352 520
350 537
360 539
369 536
362 528
371 537
375 532
382 520
391 512
392 505
389 493
377 494
391 486
394 471
394 505
393 515
375 540
337 530
299 519
294 527
292 528
291 535
286 539
288 527
277 527
269 521
268 521
266 530
257 534
266 545
269 544
254 537
289 524
289 522
284 516
268 486
260 480
259 471
280 490
282 485
292 482
291 474
295 474
309 467
311 461
313 458
298 485
304 489
299 482
281 481
278 471
281 463
274 458
274 457
252 508
246 506
247 512
255 512
253 518
249 519
255 520
247 485
245 481
250 476
215 478
207 474
213 482
221 440
216 442
212 436
207 434
213 431
255 426
255 432
251 406
245 409
302 439
300 443
300 447
310 421
312 426
306 428
294 391
288 384
294 376
289 374
289 369
281 368
273 362
270 363
270 376
258 372
257 379
253 369
249 374
245 368
242 369
230 373
228 368
240 364
267 351
293 366
294 367
305 362
304 356
299 352
299 348
289 342
285 331
289 329
285 324
281 316
275 316
272 316
263 315
267 306
274 304
276 305
262 304
260 299
252 304
248 295
247 290
247 278
247 273
253 274
263 275
267 283
275 283
281 288
274 279
278 276
276 267
271 261
281 257
290 259
302 261
305 265
309 272
308 281
289 265
290 268
261 259
261 263
255 262
251 255
256 249
262 245
269 242
281 240
282 238
277 232
288 240
299 235
306 242
313 236
318 238
308 247
318 250
317 257
329 257
332 246
315 257
303 245
300 226
304 217
294 214
293 213
284 214
309 214
318 218
322 220
327 223
329 226
337 227
326 216
336 217
348 215
348 221
354 225
359 231
369 227
373 227
379 229
387 223
391 218
391 217
385 209
376 211
369 216
360 213
372 205
367 198
363 189
369 180
379 177
385 182
390 178
389 175
387 168
380 166
391 166
397 158
403 155
411 162
408 150
413 144
421 149
421 150
422 153
424 153
427 152
432 159
434 157
435 157
433 148
435 143
438 137
439 134
437 132
443 121
437 111
427 107
436 133
427 135
427 127
424 155
421 157
424 164
423 165
424 170
416 173
409 178
400 176
399 185
430 169
435 168
442 166
453 164
411 136
407 138
402 139
403 134
399 129
398 125
399 120
399 114
407 114
413 113
420 119
400 109
395 112
391 114
390 112
385 105
384 104
388 100
392 103
394 101
385 96
389 95
392 87
392 80
396 70
398 71
400 72
401 73
405 82
408 87
410 86
413 90
413 95
417 89
424 85
418 79
428 85
434 80
422 93
404 70
408 68
408 62
405 53
409 47
409 43
402 36
399 31
395 32
390 24
388 20
379 21
377 17
382 7
390 5
399 4
403 6
415 16
420 9
417 23
422 21
427 16
432 10
430 7
433 6
435 2
418 26
372 18
371 9
356 6
357 0
390 39
383 41
377 33
376 47
369 51
363 51
355 54
349 48
341 39
339 34
343 32
347 35
351 29
360 31
353 57
344 56
364 58
367 62
368 68
365 72
353 74
356 83
346 76
334 73
377 49
378 59
382 70
382 71
388 57
396 58
412 49
418 49
416 61
420 60
427 57
429 50
436 49
440 45
437 36
448 32
456 40
464 48
469 43
474 47
484 50
481 55
483 59
494 57
499 53
500 44
500 41
495 39
499 35
502 27
503 21
499 13
505 5
509 9
519 8
521 11
521 21
525 24
527 26
521 33
530 39
534 58
539 37
542 34
546 32
545 24
556 24
556 14
558 13
564 14
565 14
568 16
573 18
574 10
571 22
573 25
577 20
556 10
561 1
550 4
536 9
535 0
547 33
549 33
534 26
506 1
492 14
488 9
483 15
474 12
469 4
460 4
471 0
471 16
471 24
480 26
478 30
490 3
493 5
494 38
492 34
502 41
502 59
505 66
510 69
512 68
489 67
485 75
487 79
482 80
494 70
496 73
501 82
510 88
507 93
512 94
516 90
525 88
527 80
535 82
537 82
545 76
526 96
530 99
530 111
536 111
539 117
543 125
541 128
538 135
527 137
545 135
551 132
551 138
553 143
557 150
556 156
546 160
546 165
549 167
550 173
559 173
569 172
572 180
583 180
583 184
579 189
575 195
570 199
576 202
575 208
565 209
558 214
551 211
548 214
553 208
550 210
548 207
547 205
549 196
552 190
545 194
542 194
540 208
540 211
538 213
525 213
518 218
508 216
506 212
512 204
515 203
522 203
521 199
519 220
527 227
528 237
535 241
544 234
543 229
537 247
538 248
544 247
545 256
538 258
550 245
555 248
558 246
556 235
558 219
561 222
577 210
568 198
563 199
583 194
589 183
595 188
599 192
602 189
606 185
608 180
607 172
608 167
602 172
612 181
615 185
613 195
618 184
625 190
628 199
625 203
626 208
622 213
613 217
621 225
612 231
615 241
619 242
624 247
629 241
626 253
620 255
614 259
610 259
611 255
612 251
608 251
607 246
605 254
601 254
596 259
591 260
599 250
600 242
631 250
636 245
638 236
644 232
649 238
656 238
662 241
664 234
662 233
667 221
666 245
667 254
674 258
662 257
657 255
654 248
657 261
653 270
650 270
642 273
633 266
629 272
629 277
627 282
623 292
622 292
616 300
615 300
608 305
603 319
602 296
601 290
596 297
593 297
590 303
581 300
573 300
621 280
612 282
605 276
605 274
644 283
638 290
650 282
651 290
648 299
647 305
647 310
657 310
654 321
652 325
646 335
640 343
653 337
652 346
657 357
661 355
670 352
672 361
682 360
669 366
669 343
680 340
680 337
692 333
678 334
658 359
658 365
663 307
666 314
674 320
682 316
640 313
636 318
633 322
632 317
630 318
626 319
621 316
622 314
625 311
664 262
666 264
670 275
663 279
665 287
665 292
666 294
673 290
675 284
680 284
682 285
688 278
692 278
700 284
708 281
715 276
703 275
701 273
704 268
709 261
714 256
707 253
713 266
721 263
726 271
737 271
737 261
744 258
749 259
750 263
756 268
750 276
747 285
754 294
758 306
759 292
768 287
767 281
776 273
781 269
782 267
781 265
780 258
782 251
784 268
787 263
788 263
797 264
804 264
803 273
809 274
812 279
808 281
801 292
789 294
809 257
813 255
818 263
826 263
828 262
816 247
821 241
810 245
803 241
798 236
803 231
809 228
793 236
793 238
790 245
791 253
795 255
785 240
778 241
779 235
785 230
787 228
792 224
791 218
785 214
793 212
802 214
803 216
810 218
794 208
793 200
786 197
797 194
805 194
810 204
807 189
808 182
813 181
818 178
825 185
832 187
828 192
825 196
825 202
821 212
823 216
828 220
832 217
835 214
834 220
840 218
852 223
861 215
853 210
818 177
830 173
836 166
833 156
824 149
821 146
841 154
847 148
851 156
863 151
867 146
869 135
871 123
866 120
872 119
876 121
881 120
884 133
854 161
864 167
871 167
874 173
877 184
871 187
877 197
863 179
862 192
855 192
847 188
845 196
845 197
845 183
852 183
849 173
850 172
875 165
877 162
878 160
847 142
844 141
838 131
850 127
843 119
831 116
834 110
834 106
842 97
840 88
845 87
836 85
835 75
837 64
831 57
845 62
853 61
842 55
839 48
835 41
829 35
820 42
815 38
814 35
808 38
804 38
802 40
800 38
795 44
800 56
812 56
817 61
815 66
800 64
788 36
779 35
777 42
778 33
779 17
776 15
770 11
777 8
771 34
764 36
766 45
755 47
756 55
751 46
749 47
752 44
751 36
751 29
746 19
744 8
737 4
738 1
768 53
780 56
781 61
779 68
776 70
780 73
780 80
779 81
780 83
782 91
772 91
765 93
758 93
756 81
760 79
762 67
754 96
746 94
741 84
744 78
741 66
745 96
740 96
730 91
726 89
723 92
716 89
717 82
725 72
727 72
712 78
707 74
709 70
705 66
698 64
697 63
690 60
679 63
675 59
674 50
665 52
666 56
658 62
656 70
652 72
647 73
642 70
639 65
628 66
643 58
641 53
633 48
640 40
645 41
650 39
652 37
641 36
642 32
634 31
646 27
647 21
642 13
642 0
634 16
624 12
615 2
608 1
600 7
602 13
596 19
594 16
588 12
590 9
616 20
615 23
616 24
620 23
614 27
610 29
610 34
609 37
653 19
660 10
667 6
670 11
685 12
685 2
692 1
694 2
655 24
653 29
632 49
626 44
647 78
642 84
645 89
642 96
634 93
632 97
629 98
622 94
623 86
616 82
613 82
603 85
597 83
594 83
595 88
599 94
592 98
597 102
596 106
600 107
602 106
611 104
612 107
617 108
621 112
625 113
621 121
617 127
613 128
606 128
606 118
603 134
599 142
592 135
591 134
583 126
590 121
581 128
592 146
588 150
582 149
604 143
601 127
631 114
640 117
595 106
588 108
578 106
576 115
566 123
564 122
562 121
589 96
589 84
583 85
575 80
573 88
574 93
569 89
566 92
563 99
575 74
573 66
568 64
561 64
559 57
561 52
568 49
572 45
572 44
567 42
573 39
579 39
579 45
583 44
584 44
589 36
598 33
578 48
556 56
554 56
561 70
565 71
555 64
554 66
588 80
592 78
592 74
594 70
590 69
589 70
594 68
599 68
608 71
602 63
599 55
608 51
597 56
587 79
626 85
631 77
642 101
651 100
655 97
659 86
661 85
659 103
659 110
660 115
661 124
669 121
671 119
674 118
674 114
675 107
675 120
658 72
678 49
688 47
697 38
696 32
692 34
701 39
702 35
707 37
712 46
710 48
710 31
709 30
712 20
718 17
719 20
729 21
723 31
727 35
731 39
731 44
731 50
722 55
725 59
718 16
719 16
709 15
702 15
698 61
715 92
712 94
706 90
700 98
693 100
687 98
690 93
691 91
685 96
678 85
680 78
692 104
687 110
695 105
703 101
708 106
707 111
706 117
699 116
701 122
695 114
692 117
708 119
718 123
724 86
729 94
728 96
787 90
789 92
793 101
789 111
792 115
787 116
790 120
789 122
790 124
793 126
790 136
782 135
789 139
792 140
794 142
796 144
807 148
790 150
789 160
773 165
790 168
801 120
802 118
785 110
775 110
772 120
772 122
767 124
768 105
765 111
758 114
751 107
781 55
840 38
848 51
847 43
853 43
858 47
855 37
855 26
858 21
853 19
851 17
846 9
856 7
864 9
845 6
841 2
838 7
833 14
825 18
822 26
814 20
811 16
815 9
813 8
816 1
839 18
833 4
831 2
859 21
865 39
868 33
879 27
881 36
890 43
894 46
900 45
875 22
881 20
845 66
848 73
829 75
850 98
861 92
869 84
872 89
874 87
881 83
881 72
893 71
900 63
910 65
917 63
915 54
916 50
923 66
924 63
914 70
876 72
869 63
871 56
884 57
870 53
879 92
879 100
879 104
885 105
885 103
886 99
894 102
905 97
915 100
913 90
910 85
902 83
912 83
920 83
922 90
931 88
938 91
941 84
945 80
951 85
940 78
941 66
944 60
945 53
938 53
939 43
929 45
921 35
928 47
946 36
957 32
963 20
967 18
972 14
980 10
977 5
976 3
969 2
962 17
957 15
956 15
950 16
950 12
947 13
941 13
939 7
931 8
929 15
930 21
925 22
911 16
908 18
901 15
896 27
899 10
911 15
944 2
949 18
951 53
959 47
966 52
969 56
973 55
980 47
982 43
984 36
990 30
996 20
995 17
1005 6
1011 9
1015 16
1022 16
1022 23
1013 19
1006 2
983 35
975 33
968 59
960 59
968 61
944 93
946 94
952 96
952 101
953 105
965 106
966 109
965 104
971 101
970 95
968 85
978 87
968 83
949 101
945 106
920 106
928 106
933 100
894 105
901 111
905 117
910 119
916 120
925 127
936 119
931 132
933 140
927 143
922 148
927 153
924 155
921 167
922 169
921 181
928 186
930 188
929 191
941 195
953 196
959 198
955 190
954 186
961 185
962 183
968 185
969 191
976 193
990 198
993 204
988 211
982 212
973 214
973 216
971 217
969 219
990 215
992 214
999 207
1002 209
1014 203
1004 194
1021 207
1010 217
1008 219
971 181
967 179
966 177
925 192
924 196
928 198
921 199
918 195
916 194
905 195
906 207
906 208
899 209
897 218
897 225
906 224
915 224
914 233
911 239
901 242
898 243
892 246
885 250
875 253
872 247
870 243
862 242
861 243
857 239
859 237
861 248
864 251
873 237
897 250
920 236
924 229
933 222
947 216
947 210
927 211
925 237
923 242
919 243
918 249
914 250
908 254
906 259
907 266
899 266
893 265
909 270
904 277
903 284
900 285
892 282
885 285
882 294
885 302
887 311
897 313
901 323
902 328
907 333
896 331
895 331
889 332
890 336
899 344
907 350
905 364
901 364
875 293
869 295
868 304
859 302
872 311
869 321
859 317
867 327
867 332
874 303
862 293
851 290
875 287
871 277
891 275
887 274
881 268
884 266
897 289
902 291
906 290
912 287
919 284
923 277
925 276
926 287
925 295
931 298
932 304
929 311
932 312
932 313
933 318
927 320
939 307
944 315
948 322
943 330
951 337
945 342
947 353
937 355
936 354
930 352
933 343
926 335
922 341
917 340
926 357
926 358
921 359
922 365
932 368
927 377
930 382
930 389
938 397
936 407
931 406
923 407
918 400
913 407
905 414
907 424
909 425
912 431
909 435
913 444
901 413
897 413
891 413
886 421
892 427
889 434
895 436
884 436
878 439
889 438
881 424
880 424
870 430
891 405
880 406
875 408
866 411
864 415
857 413
857 407
849 407
850 398
852 393
856 390
859 388
850 390
844 389
841 378
848 374
853 378
836 374
835 362
829 353
821 349
815 353
808 349
802 359
800 364
793 363
792 363
805 361
798 347
793 344
784 350
775 355
770 357
771 364
778 365
778 370
785 379
777 386
789 375
777 370
767 365
764 355
759 353
755 354
749 358
742 351
749 345
738 347
729 345
728 348
727 350
720 347
713 347
706 355
707 365
700 352
740 343
737 338
737 353
733 365
721 367
722 374
731 380
735 390
742 386
745 377
753 377
755 384
752 386
755 388
764 390
765 400
734 394
737 397
741 401
748 403
749 403
740 404
732 416
735 399
734 378
716 379
714 385
721 385
711 383
792 336
799 335
798 330
805 326
814 319
815 314
800 320
793 320
788 313
798 305
781 310
802 337
788 337
784 336
778 336
772 334
770 340
770 341
770 332
768 330
763 333
784 332
781 330
780 330
777 323
771 322
770 312
819 347
823 342
825 343
830 375
824 376
819 365
815 381
822 387
823 390
828 395
835 398
820 393
822 401
816 408
812 402
807 402
800 398
791 397
783 403
780 405
783 415
775 421
767 433
785 428
791 415
800 422
779 402
790 395
804 394
799 385
811 390
809 406
826 403
832 407
826 413
830 418
840 424
847 423
852 428
857 429
856 432
857 441
861 441
856 443
855 448
853 451
847 448
838 453
833 462
829 464
827 459
825 455
822 450
813 452
807 443
807 436
800 436
796 444
801 452
792 456
790 462
790 465
801 464
801 467
809 476
810 488
814 472
784 470
786 473
777 478
786 457
786 453
778 452
812 453
819 445
826 444
830 439
849 444
854 455
853 458
857 470
853 480
842 477
844 471
855 483
858 487
862 471
868 471
867 461
840 425
824 424
823 414
811 379
861 401
889 398
886 391
886 381
877 380
873 373
876 365
881 359
882 368
875 364
868 366
865 367
858 365
857 363
853 359
845 352
848 341
840 336
854 342
858 339
853 332
849 323
845 317
843 309
846 303
836 298
833 289
831 286
833 279
842 274
847 272
844 264
839 252
842 246
850 260
852 274
860 273
850 278
829 303
828 309
828 320
828 325
836 325
826 301
822 295
817 301
816 302
873 358
870 352
872 345
875 344
881 348
885 350
875 341
869 381
871 387
914 394
911 393
904 392
901 385
910 387
916 383
909 381
945 401
947 412
944 422
940 421
934 423
936 435
931 435
926 433
931 438
930 443
932 445
941 443
932 421
951 399
950 388
950 383
957 378
949 372
947 373
945 372
960 380
967 372
977 365
967 357
964 385
963 391
972 394
965 403
982 393
993 391
996 396
996 405
999 408
1006 408
1012 413
1021 414
1007 403
1018 401
998 409
995 413
988 409
980 412
977 415
995 415
999 420
1009 423
1014 426
996 425
992 431
993 436
987 441
983 438
980 444
980 453
969 456
982 460
980 464
982 468
987 476
988 477
985 487
990 495
996 501
989 504
989 511
991 521
997 527
1004 526
1002 517
1004 515
1006 529
1013 525
1015 518
1015 510
1019 503
1019 484
1002 535
1004 539
1006 539
1013 543
1017 535
1023 540
1009 547
1013 550
1018 553
1022 562
1014 564
1004 567
1002 572
996 573
996 582
996 586
1001 592
1013 590
1015 600
1023 598
1014 589
1021 587
992 590
991 596
993 598
989 609
1007 573
1009 574
1023 565
1023 551
1004 540
1000 537
993 543
986 538
981 543
985 553
984 556
979 558
976 569
966 563
985 569
971 575
969 575
966 583
968 589
973 589
976 599
978 604
976 583
966 590
962 592
964 602
960 609
951 612
939 611
931 615
923 615
925 622
931 623
938 625
937 631
942 637
946 647
955 646
962 654
957 657
956 663
961 665
960 672
961 675
950 679
942 688
940 694
947 699
950 694
949 702
953 706
954 711
959 722
950 723
950 724
951 730
950 736
956 745
949 753
964 750
967 763
965 776
974 780
984 786
989 787
961 780
963 784
966 712
933 694
925 694
919 701
917 705
917 711
911 711
921 712
924 690
936 700
929 705
942 673
940 669
939 660
933 658
932 654
930 658
931 666
925 654
917 648
909 647
905 654
900 653
899 653
893 656
895 663
896 663
897 675
905 680
902 686
893 691
887 696
884 700
882 709
880 713
878 720
873 724
871 721
866 721
868 711
864 701
873 700
866 694
882 723
889 718
894 716
895 714
892 712
884 728
884 731
880 739
889 733
891 735
900 733
906 727
902 722
901 734
910 738
918 736
922 735
920 726
931 733
933 725
889 741
896 743
895 750
905 750
906 753
914 753
919 747
922 748
923 753
926 752
927 755
930 757
937 760
943 765
943 772
933 766
928 765
925 763
920 772
914 769
912 766
918 777
918 787
913 789
907 783
905 780
905 774
895 770
891 766
914 791
911 798
905 804
935 770
931 775
931 778
892 752
891 750
885 752
896 697
887 652
883 644
875 640
873 641
873 647
873 648
877 652
868 642
860 643
857 650
857 651
865 653
866 658
874 661
870 672
871 680
872 680
880 665
884 638
883 632
905 658
904 660
923 643
931 644
918 658
915 662
920 661
922 663
940 676
966 682
970 677
964 684
969 693
962 697
923 625
915 622
914 625
907 630
914 620
927 631
948 602
961 611
957 620
963 610
968 619
976 627
972 631
970 638
972 646
969 638
960 635
979 631
990 626
980 640
984 643
982 651
979 662
985 673
995 680
992 642
1006 642
1012 626
1016 620
1007 624
1006 649
1003 655
1011 653
1010 657
1012 661
1012 672
1021 675
1022 678
1011 688
1011 697
1010 702
1008 712
1010 717
1004 723
1000 732
995 738
991 743
978 742
994 751
996 762
1006 757
1014 758
1016 763
1015 768
995 764
994 769
1000 747
1000 745
1005 734
1010 739
996 730
995 730
989 728
987 728
982 724
977 727
1000 719
998 711
996 704
990 700
984 703
1019 703
1018 658
1023 659
1019 655
1013 651
1015 643
1021 642
1022 644
955 591
956 584
953 578
952 576
950 572
953 569
946 573
942 580
929 581
926 586
925 595
920 601
919 602
911 601
906 600
906 598
911 597
973 543
968 539
966 530
967 526
968 526
971 516
969 512
975 507
976 504
972 498
971 497
971 549
966 551
961 547
960 541
958 537
953 528
950 527
944 532
940 535
932 549
953 522
953 520
952 518
951 517
948 512
948 508
941 501
938 503
927 507
921 500
942 499
953 502
959 502
946 512
944 517
941 520
936 519
934 518
931 523
929 522
922 522
916 525
920 518
916 518
908 521
905 522
941 524
938 527
955 540
949 549
949 552
945 559
988 534
988 531
993 545
999 554
995 558
994 561
998 535
999 501
980 487
978 484
976 472
966 474
961 478
958 474
956 477
954 474
946 469
942 462
951 460
941 461
951 478
941 478
937 479
939 487
945 486
936 478
933 479
928 481
920 478
916 473
910 480
902 474
896 479
890 474
885 480
891 489
886 499
882 505
891 507
901 504
902 498
891 508
877 504
876 499
866 497
856 503
852 501
879 493
893 471
892 466
889 457
892 452
901 456
903 455
907 455
914 457
906 460
885 466
928 486
931 492
961 479
978 464
985 463
993 459
998 457
1001 464
1011 463
1008 454
1009 451
1018 461
1022 459
1023 447
1023 442
1001 474
974 442
972 439
965 440
956 432
953 437
953 438
958 429
959 424
974 436
972 429
981 428
998 433
996 387
997 379
986 379
1001 391
1004 387
968 383
946 387
935 382
955 341
957 345
961 342
963 329
937 329
927 284
932 285
933 277
934 274
938 268
929 269
931 262
929 255
932 251
924 266
923 264
917 265
916 263
935 285
940 289
940 294
947 298
953 299
957 295
961 297
964 293
973 291
972 302
971 313
967 316
977 289
981 287
986 297
995 294
998 291
1001 294
1008 293
1019 288
1011 298
1017 302
1018 314
1014 323
1010 312
999 290
1004 284
1003 280
1014 274
1019 272
997 279
997 266
987 265
988 260
985 259
984 245
985 241
985 230
995 230
978 264
1003 261
1015 254
1014 244
1021 233
984 303
992 310
984 314
984 318
987 327
988 334
991 338
994 346
991 353
998 346
1002 336
1000 326
1001 321
1004 336
1002 347
1008 352
1011 359
1012 361
1020 367
1021 371
1020 381
1012 376
1022 388
1022 367
1007 363
998 367
996 307
980 283
980 278
971 277
961 280
951 282
950 271
959 266
949 269
947 261
947 255
955 251
959 251
963 247
960 242
953 242
947 236
944 231
940 232
960 237
967 234
947 302
940 282
905 294
908 294
912 299
913 304
906 308
910 315
915 323
920 302
891 217
887 221
874 223
895 203
897 190
899 184
924 191
915 180
912 186
917 151
914 155
905 162
906 169
899 171
897 165
898 156
890 156
890 147
894 145
903 135
897 128
918 145
938 138
939 147
943 155
948 157
950 166
951 172
946 175
942 174
953 173
951 154
957 151
961 150
963 150
971 153
972 147
975 141
976 152
979 156
984 160
987 164
987 157
987 146
991 145
992 145
999 139
994 133
982 130
973 123
964 126
959 122
975 119
979 115
987 112
992 110
996 115
1002 109
1002 103
1001 99
1010 98
1013 90
1005 90
1013 83
1010 80
1016 90
1020 89
992 99
993 94
994 92
992 79
991 75
997 75
1008 55
990 73
991 94
990 99
997 128
1003 131
1009 125
1018 113
1010 135
1019 145
1021 151
1021 156
1018 158
1016 158
993 159
999 168
1011 179
1020 179
1019 187
996 157
970 155
961 162
963 148
942 160
938 164
945 134
826 107
827 96
822 94
820 86
819 83
809 82
807 91
809 96
807 99
802 91
798 82
820 114
821 123
820 131
809 134
814 122
848 111
858 108
813 173
814 161
815 185
815 194
796 190
791 190
791 184
793 181
783 223
773 240
770 235
769 228
768 221
760 215
751 209
747 212
768 209
765 201
761 201
760 197
759 193
752 195
742 195
739 194
732 191
723 189
720 198
714 201
705 204
714 188
731 182
732 171
737 164
741 172
748 166
754 169
751 160
745 156
743 151
736 154
733 151
728 142
730 131
735 130
738 118
741 116
734 108
725 110
755 156
757 148
762 148
763 147
757 144
757 137
750 128
752 126
768 137
742 173
728 169
717 172
714 160
720 153
715 141
714 141
709 160
706 157
698 158
692 158
690 161
689 165
691 174
686 182
674 183
672 180
685 189
685 195
697 194
684 197
685 202
689 203
686 210
690 212
689 216
691 218
687 227
687 228
689 231
698 230
703 227
706 225
683 235
688 242
688 245
684 248
691 245
693 246
700 241
691 243
691 240
685 212
681 214
682 164
680 159
678 150
681 148
683 150
677 147
667 137
673 158
672 159
664 159
709 154
701 148
701 147
697 144
694 142
687 135
706 162
700 168
701 171
703 175
705 179
701 179
698 180
738 198
734 206
729 203
724 207
725 208
728 215
737 217
737 218
736 222
736 225
738 225
738 232
737 244
728 242
720 244
716 240
719 238
717 232
749 236
750 228
756 229
761 203
766 199
770 194
772 191
773 211
773 228
812 240
812 236
817 232
820 232
772 289
741 290
735 299
740 304
741 309
746 311
739 284
759 262
734 259
725 273
728 279
723 261
714 286
713 293
709 292
711 296
706 302
715 310
709 321
705 331
708 335
704 337
718 325
732 321
703 317
703 300
695 304
693 306
699 286
701 288
687 275
681 274
684 291
679 294
688 295
671 243
648 230
641 248
639 254
646 256
637 254
611 211
605 207
600 213
594 217
591 222
582 225
582 232
573 236
584 239
586 244
577 249
568 255
568 261
572 262
575 271
583 277
593 272
577 281
569 284
575 261
577 226
590 215
591 213
593 209
593 201
587 211
609 217
631 206
635 203
645 206
643 216
633 217
631 219
640 196
621 176
627 179
630 171
624 164
628 151
619 147
632 143
629 139
618 167
634 173
644 173
642 161
643 159
648 158
648 150
654 145
649 142
649 175
656 184
650 190
662 189
665 200
668 203
669 203
631 183
599 184
598 181
592 174
594 163
548 177
541 174
537 174
535 172
530 177
527 175
525 178
522 177
516 185
509 181
501 181
502 186
504 190
496 201
499 180
493 182
486 186
480 182
473 182
473 188
472 180
465 170
485 190
535 166
533 159
528 158
525 154
515 156
506 153
502 150
499 146
495 148
498 143
499 136
496 132
486 133
480 126
475 122
469 119
473 104
464 120
460 115
454 109
457 107
460 123
462 126
459 130
460 133
468 138
463 146
451 146
448 145
474 148
480 155
463 154
458 130
483 123
488 117
502 130
510 133
508 137
510 142
500 126
505 121
508 122
504 119
500 118
501 154
500 159
491 160
487 165
513 161
510 167
505 168
513 171
526 159
558 156
562 156
569 159
578 162
582 167
556 134
560 138
567 143
542 109
529 116
524 123
536 98
540 96
551 95
551 94
537 92
529 88
513 98
510 99
507 100
502 106
494 102
514 98
497 87
495 88
480 60
469 41
464 55
469 66
468 72
467 76
460 84
452 89
454 93
451 95
445 98
438 95
454 23
447 19
459 19
444 47
444 53
448 56
444 62
438 66
434 67
450 66
449 72
383 93
382 89
374 85
396 129
392 127
390 125
389 120
405 133
406 127
409 127
402 141
393 154
389 152
388 144
379 144
377 143
374 134
366 129
366 119
372 114
372 104
370 100
363 103
363 109
375 120
377 123
384 186
363 172
353 170
354 163
349 173
345 167
343 164
341 155
335 149
341 144
329 149
331 144
329 138
328 136
327 132
321 126
325 121
324 116
319 116
325 113
320 109
314 102
329 112
326 106
336 102
345 95
351 99
328 94
333 88
329 85
337 86
321 93
314 86
310 85
302 86
306 94
300 79
308 73
312 74
317 65
322 68
318 63
311 57
309 48
302 44
297 42
289 46
283 51
287 58
291 62
290 66
289 67
285 65
280 60
280 47
271 50
263 53
254 50
245 48
243 45
250 38
238 47
234 43
233 43
230 39
228 43
223 49
229 52
232 58
220 43
214 41
207 44
207 45
210 35
210 33
218 31
215 26
221 31
221 25
223 20
235 19
221 19
225 26
208 35
204 32
203 27
195 22
193 14
196 10
203 14
196 8
187 7
185 3
200 2
206 6
201 32
262 58
263 63
268 66
274 70
281 76
279 83
282 89
273 90
264 84
263 79
256 82
250 80
247 76
243 70
238 72
235 77
238 88
226 94
224 97
214 94
213 93
208 95
201 91
195 89
190 92
186 91
191 94
194 95
209 98
208 109
203 113
193 109
191 107
229 102
226 104
229 76
221 68
212 70
214 61
213 55
209 60
202 61
200 55
194 53
193 43
191 41
192 56
211 72
211 77
244 66
245 66
246 60
261 88
261 93
253 99
253 104
252 98
266 100
272 108
276 108
285 108
294 108
277 113
270 118
260 115
251 123
247 115
242 112
239 112
231 117
255 129
289 87
283 94
287 94
269 62
270 61
285 41
298 39
306 35
307 32
314 27
321 27
319 22
323 29
317 37
320 41
328 39
310 22
304 17
303 2
317 3
319 5
334 5
334 11
301 17
292 14
284 7
280 10
276 9
272 4
266 6
261 8
253 15
245 9
242 0
234 4
227 3
224 8
234 7
249 22
265 15
265 20
271 21
271 25
274 25
265 2
258 0
283 5
297 38
311 47
308 62
320 59
324 51
330 122
336 117
348 118
350 115
315 126
312 119
303 119
296 126
292 130
296 135
297 142
302 148
297 151
291 152
286 151
281 155
276 161
274 167
270 159
270 158
267 147
260 151
254 143
250 147
240 146
237 155
245 162
243 168
235 172
226 168
223 165
226 162
249 164
252 169
257 179
260 181
266 190
264 195
267 197
267 204
260 205
256 198
255 195
252 190
252 196
244 198
237 192
241 185
245 179
234 197
243 204
243 210
236 212
231 213
234 219
226 212
224 211
216 210
212 220
203 214
192 220
182 216
181 214
180 208
182 199
173 196
170 187
161 183
167 176
161 192
159 195
161 198
155 204
159 214
150 214
150 219
157 224
147 226
149 231
155 234
153 238
152 243
149 245
145 249
141 259
140 244
143 227
143 228
146 214
153 203
140 200
155 183
148 174
144 166
150 158
160 161
168 159
176 166
179 168
185 160
191 169
190 172
199 175
161 166
141 156
133 159
127 153
122 157
117 156
109 156
107 155
106 157
108 167
110 175
102 174
113 182
119 186
119 192
121 181
122 178
129 178
108 185
112 190
110 192
105 200
102 200
99 193
94 186
90 183
87 174
87 187
89 192
104 155
94 152
92 157
88 160
80 157
72 154
69 154
67 150
64 145
62 146
58 148
51 151
45 147
45 146
79 161
76 166
75 171
68 171
63 174
63 183
71 190
54 174
50 179
53 185
55 191
53 193
57 198
50 194
50 199
43 200
42 208
47 211
49 214
54 211
56 210
59 209
68 207
73 211
79 207
87 209
94 207
98 210
98 216
100 226
108 223
108 222
115 221
121 231
130 229
128 224
132 211
122 207
131 232
116 234
115 237
111 240
105 241
108 247
104 238
73 214
72 219
63 223
60 227
54 234
49 242
45 243
40 248
40 254
42 260
39 269
32 270
28 273
36 254
28 250
25 239
26 252
41 241
50 229
50 228
61 222
38 211
39 215
40 218
36 226
36 231
39 199
48 179
41 178
43 169
36 169
34 165
31 160
27 152
34 150
21 150
17 155
13 156
12 155
0 165
5 172
9 152
35 171
27 173
25 173
25 178
21 184
20 189
21 196
19 200
7 198
2 194
14 208
12 218
4 232
8 235
9 246
5 246
5 250
26 205
29 204
27 207
24 173
40 187
34 186
89 152
85 146
91 145
99 143
100 134
92 128
92 120
100 123
105 114
102 111
92 115
88 129
83 125
81 120
79 116
80 109
75 110
84 110
79 121
75 124
69 117
89 135
82 135
80 136
72 138
64 132
61 132
50 134
41 134
34 128
27 136
16 131
4 127
3 140
33 126
32 126
31 118
28 114
28 104
19 106
36 101
42 91
47 92
49 93
54 91
64 94
64 105
58 108
54 114
49 115
69 92
73 97
78 95
79 91
79 96
83 94
85 95
91 98
94 92
95 99
100 96
65 88
51 83
58 76
65 75
57 72
63 64
60 53
60 42
59 42
58 42
55 33
51 33
44 24
53 16
63 15
73 16
75 28
77 7
79 1
63 9
57 3
51 13
41 24
37 17
27 15
23 10
19 16
17 19
9 20
5 15
9 7
1 3
13 9
8 22
7 26
11 27
6 27
1 27
3 32
0 39
8 40
17 37
21 40
34 28
34 33
34 39
37 41
69 62
75 62
81 67
76 76
73 56
81 56
86 54
83 44
90 41
88 31
98 21
98 17
100 13
104 17
114 27
119 22
124 20
130 17
140 11
141 5
134 4
136 24
146 27
143 34
141 38
145 40
149 47
153 42
153 37
154 42
156 41
161 45
170 47
165 56
155 60
151 65
149 69
140 63
139 57
138 56
134 47
126 41
124 36
137 57
149 76
154 68
160 71
164 85
161 90
171 71
179 65
181 66
193 74
167 38
176 34
179 32
152 25
153 17
158 17
158 9
153 26
161 26
166 25
173 18
173 17
173 11
168 13
119 17
119 16
118 13
123 8
100 11
96 6
77 43
74 43
87 54
88 56
94 59
100 70
108 60
112 60
122 69
120 82
131 85
131 86
136 86
139 89
115 50
104 73
98 74
45 81
40 72
47 66
43 57
46 56
37 67
34 68
25 67
21 79
14 75
10 85
0 93
0 101
4 101
9 72
11 64
12 59
5 59
2 62
31 96
21 118
50 129
126 150
124 146
119 139
116 141
113 135
112 131
115 125
125 127
134 124
134 118
140 115
135 106
139 104
140 103
148 119
150 115
153 117
155 119
152 126
149 134
146 139
149 142
156 144
157 145
160 149
162 149
161 142
172 144
172 134
176 130
173 145
182 139
192 141
191 148
145 133
142 133
151 112
154 111
168 111
177 109
116 118
121 111
119 104
132 143
176 185
184 199
178 215
173 219
172 225
177 224
180 228
180 230
183 235
186 239
180 248
179 248
178 255
169 251
163 255
160 266
164 275
173 263
176 273
178 282
174 287
183 271
189 272
197 271
197 264
202 265
203 266
205 267
201 276
201 278
197 280
190 285
200 283
201 289
194 295
188 296
184 304
187 307
196 307
201 316
210 316
218 310
214 320
188 313
181 305
178 306
174 310
168 311
176 315
176 323
168 320
167 330
158 329
147 326
148 318
145 306
160 316
178 324
177 327
183 329
188 334
181 337
190 333
201 340
188 294
206 296
207 298
211 296
216 299
214 293
218 290
222 292
228 283
224 278
214 279
216 270
215 258
232 272
227 299
183 256
191 250
189 239
170 229
213 224
215 224
221 232
228 236
233 246
236 257
238 245
238 231
216 236
215 237
212 235
202 239
200 232
203 241
215 209
213 208
211 203
202 197
205 190
215 184
245 214
249 219
257 225
259 226
242 204
263 210
257 207
270 205
269 179
274 182
285 176
286 187
280 196
290 186
293 190
296 197
302 194
310 200
319 202
325 200
331 196
305 187
301 178
297 179
308 186
314 190
297 200
240 145
237 144
234 144
232 133
230 129
223 133
215 131
210 136
264 142
267 134
303 152
310 155
312 162
321 163
329 171
335 181
322 159
330 159
332 160
301 134
290 129
282 131
282 124
282 136
285 138
307 110
347 150
355 151
358 148
365 147
364 152
365 154
374 154
379 155
362 156
358 146
359 141
352 175
359 200
351 204
351 196
394 217
398 212
399 208
395 205
399 201
405 203
414 208
425 206
380 231
380 241
377 247
355 240
358 243
351 252
362 256
361 262
367 270
374 267
376 267
377 270
386 271
392 277
396 281
393 290
395 293
402 300
394 306
386 303
375 301
365 297
360 303
364 309
366 311
354 302
352 295
346 286
344 286
337 288
334 276
331 276
334 274
342 298
382 311
386 317
380 311
404 304
407 307
412 315
414 320
412 326
416 329
418 333
426 337
431 334
433 337
414 331
412 337
411 337
410 337
406 340
404 337
396 340
396 347
391 352
393 356
398 355
404 352
408 352
407 355
411 360
422 355
392 361
395 371
385 366
394 339
389 338
389 331
378 327
377 331
376 333
374 340
372 330
367 332
362 336
351 328
349 321
345 313
340 312
395 328
408 328
405 299
411 296
416 302
425 304
431 301
439 301
445 297
438 305
434 316
425 316
435 321
446 308
394 294
403 277
409 268
417 273
423 265
428 258
429 250
437 251
436 257
442 260
439 269
438 271
428 276
430 282
444 273
439 250
437 243
442 243
445 244
448 235
450 231
455 228
460 222
467 224
468 222
475 225
479 228
480 236
486 234
488 230
491 228
479 237
478 237
476 223
469 217
468 210
471 209
479 213
485 211
479 214
468 207
466 206
467 204
458 200
454 202
449 196
448 183
437 187
424 190
422 188
413 192
443 202
438 208
454 205
457 211
445 229
443 225
442 224
441 218
448 226
448 223
454 244
462 239
441 252
448 253
451 259
458 255
464 252
467 257
468 266
460 271
461 280
460 287
467 288
474 287
482 282
487 278
497 284
502 282
466 293
462 298
471 295
472 302
477 306
482 305
487 305
494 309
498 311
488 301
496 299
499 298
476 311
474 316
463 314
459 321
465 326
465 333
454 320
453 322
480 319
482 316
457 290
475 271
480 268
481 268
481 267
482 264
483 263
487 264
494 265
495 265
503 256
507 251
510 254
510 256
513 266
518 264
523 264
521 272
508 248
512 243
504 248
505 242
487 261
471 257
468 251
470 249
471 250
480 252
424 249
422 246
416 247
414 251
411 249
411 245
403 246
394 254
403 240
401 234
399 228
403 225
410 223
416 224
416 229
415 231
422 235
432 231
413 234
412 253
416 258
388 267
374 277
365 276
362 275
345 255
343 257
349 263
294 227
261 287
268 290
249 309
252 317
252 318
242 321
231 319
228 321
230 328
229 332
228 334
235 342
243 351
252 345
225 333
223 342
225 352
247 308
279 327
278 333
271 331
283 348
307 356
307 351
309 342
306 337
306 335
309 334
319 333
331 336
333 339
306 333
304 331
307 319
315 316
318 319
320 317
322 316
327 323
320 312
316 311
314 310
313 308
310 304
311 298
304 294
316 306
322 298
306 313
308 356
312 353
319 359
318 367
324 368
332 372
340 378
284 384
323 381
336 420
328 422
326 424
324 429
325 437
318 438
327 437
327 443
330 450
331 463
323 444
352 470
362 476
345 467
374 472
368 444
389 439
383 440
375 434
378 424
377 414
365 415
361 408
355 399
351 398
366 405
379 408
385 407
385 415
390 415
396 409
402 404
395 401
390 396
382 391
379 382
373 381
365 380
359 369
367 360
356 354
352 353
340 357
340 358
334 359
350 348
349 348
351 371
375 397
392 420
383 427
410 422
454 507
459 511
461 465
482 454
487 451
488 452
490 451
483 458
480 463
482 466
488 464
482 471
489 477
494 476
496 484
504 490
505 500
513 486
514 475
522 473
530 477
524 469
512 469
513 461
515 455
521 457
526 457
526 450
536 446
543 451
552 456
557 464
558 465
565 459
576 457
580 467
580 472
585 476
576 473
571 475
571 477
582 455
587 453
590 457
602 456
610 465
611 475
600 473
598 477
605 447
608 445
614 449
623 448
625 447
635 451
629 460
633 467
645 470
623 470
644 447
646 441
635 437
638 432
644 428
647 424
652 416
658 418
661 420
664 424
655 412
649 409
640 413
631 413
633 407
639 404
647 397
653 398
658 389
658 380
656 380
647 373
642 369
637 357
629 356
627 350
625 350
620 353
622 347
618 341
610 336
627 409
624 414
624 417
625 419
626 427
623 414
614 411
608 406
605 404
607 399
609 397
613 393
605 385
601 383
595 386
600 390
603 378
608 371
612 379
602 365
597 359
587 365
613 370
616 394
618 390
621 391
627 387
631 389
631 395
629 385
603 406
606 409
659 410
664 407
674 398
679 388
678 384
686 378
693 382
699 390
698 401
706 404
716 399
722 404
695 402
684 404
681 407
684 414
687 375
676 380
674 384
665 410
649 426
650 443
653 441
666 440
669 438
655 447
662 457
669 462
674 468
673 475
684 477
689 486
682 490
695 485
698 478
703 480
709 475
709 468
716 469
709 465
694 490
696 499
691 506
692 508
686 511
684 509
679 503
673 501
671 508
668 507
659 500
672 509
669 513
663 514
660 523
665 530
674 536
677 538
678 535
669 526
658 524
656 533
658 539
652 539
651 524
648 526
639 527
633 531
632 535
631 540
641 543
641 545
649 554
645 561
646 564
650 566
656 566
660 561
666 567
672 569
668 578
669 587
681 585
688 583
692 585
703 584
710 589
721 589
724 589
708 598
710 600
718 609
723 612
730 621
733 627
743 631
742 635
742 644
752 643
755 636
741 651
739 655
739 666
747 671
741 677
736 683
725 678
716 675
709 665
699 660
701 653
697 648
700 641
721 686
716 690
718 695
723 697
732 707
734 705
733 708
733 709
744 713
730 716
724 696
714 691
703 683
709 697
701 699
693 694
726 671
721 661
724 655
724 645
750 666
754 667
732 631
706 608
704 611
707 615
711 628
708 580
705 575
706 571
695 570
709 562
713 553
716 546
726 544
726 540
726 539
738 537
746 538
753 538
754 535
757 535
740 532
731 526
735 522
729 517
732 512
743 514
751 518
762 522
771 526
771 532
777 533
779 527
753 511
759 509
761 508
764 503
776 505
783 507
782 498
788 509
792 512
797 507
796 502
799 499
793 490
795 488
803 501
805 505
792 514
794 515
802 516
787 511
787 513
757 498
761 491
768 490
769 491
769 495
761 486
756 499
724 509
727 547
727 553
733 559
708 550
692 589
694 593
684 591
674 564
673 560
667 555
676 570
651 562
644 566
639 576
635 578
637 583
646 588
652 590
648 584
652 580
632 578
625 579
630 574
656 553
629 540
623 540
623 550
620 561
613 557
610 559
602 561
602 551
598 570
617 566
621 535
623 527
611 526
609 522
613 518
608 514
603 510
607 503
601 500
594 503
600 493
609 492
594 491
600 515
595 515
589 513
585 515
579 509
579 503
575 497
576 495
579 487
599 519
601 520
609 527
601 536
606 539
646 520
645 509
644 505
637 505
635 512
624 508
661 512
694 511
696 513
697 519
699 521
698 527
688 527
699 534
694 543
703 536
707 534
714 530
700 520
707 520
707 514
700 489
705 488
712 490
720 484
722 478
727 475
726 469
731 462
733 462
741 460
735 452
725 452
722 457
720 456
712 450
701 446
701 445
700 433
700 422
696 433
718 443
723 441
718 431
719 430
729 439
745 465
748 466
753 456
754 456
756 451
747 445
750 438
747 434
746 429
751 425
749 423
757 413
762 416
746 445
750 472
739 477
740 488
759 470
759 468
668 472
659 477
665 484
661 486
658 488
649 483
647 488
641 489
636 484
634 484
623 492
649 482
658 469
673 459
677 452
684 454
622 442
581 452
539 459
537 442
539 436
518 443
515 438
524 432
524 423
529 424
535 422
522 421
512 436
508 433
509 423
506 433
500 436
491 438
500 443
507 444
514 489
518 493
520 495
531 500
535 501
532 511
538 512
544 512
547 501
550 489
552 488
543 516
541 521
547 516
559 521
567 517
565 506
560 499
531 514
526 513
504 480
487 479
479 483
487 490
471 447
466 452
461 451
466 454
468 442
468 415
