10000
879 884
989 577
933 362
78 460
93 16
749 946
470 444
220 284
752 773
716 546
678 782
176 268
644 683
26 340
897 703
806 752
563 771
305 472
109 384
932 203
400 658
125 871
78 346
131 830
95 847
352 774
605 529
18 225
188 44
565 61
747 347
813 286
95 95
759 204
479 667
407 879
301 533
726 379
879 857
186 974
680 538
724 261
43 742
486 232
787 28
293 510
375 83
797 470
178 532
675 657
175 58
512 477
591 215
856 446
48 18
397 729
557 97
990 600
840 453
832 603
481 102
89 856
185 886
303 363
394 978
1020 570
12 508
23 604
723 879
26 772
898 423
477 431
521 443
7 337
896 840
940 353
942 5
186 103
892 489
466 262
443 462
832 455
970 855
35 670
711 62
418 585
485 895
1016 1006
314 1023
319 187
839 235
540 757
241 726
860 109
191 302
371 634
764 180
66 711
11 101
357 722
163 775
283 649
646 275
631 960
275 951
123 90
162 664
848 403
366 684
512 558
987 884
168 727
40 234
414 51
336 771
774 499
522 33
124 144
309 756
81 584
683 204
674 845
868 498
225 211
159 737
769 122
597 937
849 637
148 240
689 484
1011 439
983 510
472 84
654 781
840 735
341 499
940 1016
320 784
490 545
995 649
259 740
771 856
654 597
470 802
837 135
262 824
574 221
310 22
305 965
804 121
676 121
620 592
113 941
353 604
462 324
229 721
41 1001
554 695
574 0
473 387
135 735
187 709
956 498
731 238
439 511
359 91
633 980
684 746
897 13
326 335
337 556
33 378
533 587
49 83
587 522
470 722
233 657
407 166
131 114
404 570
626 763
662 235
719 322
981 592
335 284
928 672
840 961
27 349
524 76
432 87
599 902
809 832
535 192
998 667
306 378
213 932
118 875
143 837
173 101
406 508
385 310
157 201
247 184
550 771
260 982
858 859
860 643
668 371
835 642
14 117
1021 228
26 115
79 169
952 253
270 334
761 655
644 918
856 891
78 382
638 339
340 472
174 176
91 842
548 926
461 562
20 458
790 46
573 870
215 501
99 486
836 860
117 456
755 974
324 833
332 962
148 673
411 323
849 502
141 373
405 602
936 425
36 702
471 609
548 686
87 647
148 923
484 266
355 215
216 679
24 548
618 173
197 5
496 23
507 637
396 912
216 308
313 252
1011 784
862 535
447 949
159 595
848 643
861 179
858 53
859 882
602 453
31 799
458 527
822 965
141 195
854 357
503 143
609 490
928 447
2 351
372 161
946 196
804 784
376 638
837 211
496 415
664 528
191 98
31 1013
39 172
184 893
529 688
13 115
154 941
562 156
268 935
317 190
107 97
974 483
735 788
694 208
179 334
736 370
432 767
360 472
940 544
341 445
208 354
560 363
271 99
519 539
10 837
730 117
934 680
601 646
444 271
854 624
606 566
994 14
309 330
486 225
875 828
671 59
158 207
422 430
306 942
969 316
755 675
434 665
332 11
287 776
282 117
376 888
683 347
903 993
677 365
194 528
169 865
588 328
49 1010
758 355
928 703
672 659
355 82
301 687
93 588
439 375
706 816
240 365
139 119
334 816
484 529
321 654
370 909
982 419
895 716
775 800
395 423
435 750
505 736
413 598
301 853
973 1007
645 189
348 784
308 683
576 793
188 897
423 558
782 381
978 654
73 729
430 468
128 865
195 633
578 608
207 879
437 156
862 58
346 186
842 654
869 395
423 33
268 846
592 27
203 546
681 276
251 87
745 379
952 940
1012 506
524 195
361 962
351 199
1020 697
386 839
328 231
210 751
265 478
574 857
505 777
379 162
30 630
249 775
1009 178
691 997
684 191
168 22
129 519
221 126
193 607
965 521
839 151
248 80
629 822
937 111
576 292
273 606
922 523
357 907
701 24
880 361
215 24
383 345
543 605
471 736
188 412
233 3
563 482
83 168
280 1020
279 856
288 553
438 186
52 795
69 753
819 949
90 11
973 474
356 493
55 827
205 243
215 439
247 778
921 330
946 177
327 202
10 615
755 448
802 807
220 871
536 15
797 626
26 746
76 382
215 131
185 421
375 400
860 622
154 757
952 77
934 255
279 944
871 10
369 649
817 589
496 329
604 269
955 631
1016 8
1013 207
139 175
628 514
575 464
112 730
197 41
807 108
296 62
28 143
72 397
792 889
986 265
194 567
534 125
174 526
133 163
734 273
338 338
787 914
803 900
620 1000
941 403
84 213
465 113
357 537
510 125
402 473
390 596
16 925
721 190
427 855
353 137
104 692
476 891
582 255
767 178
231 684
581 316
898 22
429 231
559 939
356 961
388 747
533 404
648 230
594 51
61 948
189 165
616 665
33 174
920 800
352 127
461 933
443 335
955 872
566 490
788 922
427 152
645 960
557 269
166 127
321 228
51 510
393 667
151 426
841 47
203 169
174 664
78 618
999 9
466 541
499 230
439 926
383 61
862 940
330 5
43 651
233 95
137 626
762 288
29 580
335 232
749 510
896 828
104 871
837 570
388 313
801 827
215 160
888 54
76 195
59 119
846 292
214 984
918 977
248 947
533 584
155 258
70 27
62 174
898 900
744 262
189 521
66 404
681 954
458 757
125 517
877 972
809 67
932 704
20 156
627 553
740 783
812 810
810 874
984 685
750 705
947 939
202 1013
320 884
944 778
617 45
272 470
1017 57
538 925
761 558
58 365
88 798
124 900
585 934
750 545
595 477
226 519
392 429
508 712
289 428
467 906
474 739
353 467
796 891
369 534
425 427
899 513
201 1023
389 786
933 116
308 505
593 534
0 985
963 508
674 228
937 117
111 387
856 464
854 628
331 199
138 756
626 13
246 828
12 635
590 946
751 898
427 320
409 427
282 348
935 956
577 848
49 688
211 905
128 42
509 459
241 648
191 868
661 437
672 674
49 238
596 800
113 1023
97 522
426 379
870 337
311 423
162 360
87 373
241 215
415 750
674 657
374 866
501 12
279 149
686 328
387 258
105 500
257 202
1022 683
581 869
1020 892
268 158
228 356
532 469
571 947
195 222
580 570
64 57
582 343
206 244
672 594
502 777
70 759
979 69
418 536
938 414
404 182
573 632
538 81
77 86
4 272
308 585
842 372
642 400
715 849
644 363
419 122
116 489
881 71
558 275
607 472
690 1011
655 239
619 169
320 696
255 324
969 563
909 787
935 528
164 627
353 808
990 772
931 83
237 788
154 796
40 762
244 730
749 899
969 345
45 265
17 300
589 986
864 475
750 775
1003 914
378 332
698 345
80 605
428 317
370 582
89 410
320 334
116 46
209 61
391 254
326 408
555 915
371 395
366 97
146 345
1011 525
677 685
870 757
267 274
51 637
856 140
23 153
474 139
199 684
200 590
938 526
998 469
417 345
864 784
442 1011
105 429
512 783
91 358
516 358
632 567
995 464
708 1018
617 158
133 816
842 333
382 757
859 357
202 252
702 43
12 121
30 118
550 542
901 641
900 393
999 508
961 970
972 645
964 566
803 73
358 622
406 741
355 241
74 557
494 776
600 506
897 630
624 424
148 501
41 24
895 17
532 832
987 481
453 928
23 232
1001 381
854 384
98 185
625 172
743 95
949 319
602 822
950 202
222 74
704 264
99 575
281 631
383 244
88 836
148 111
44 126
493 899
510 591
60 111
764 803
207 689
99 809
487 25
1011 710
99 691
974 198
242 231
830 625
475 918
437 624
6 482
750 499
357 236
66 417
347 830
197 554
495 296
339 983
321 327
669 420
1018 619
619 237
850 425
862 301
319 276
925 325
758 651
824 91
887 891
508 211
697 705
765 169
1001 81
128 298
408 797
719 402
392 314
639 218
739 478
519 34
754 421
360 488
48 160
579 936
27 63
123 725
769 888
894 746
969 1022
21 353
795 740
756 163
30 371
381 769
849 900
803 579
297 139
43 346
300 622
258 327
686 381
28 431
245 922
153 191
920 174
544 691
914 276
854 944
648 211
689 473
88 469
29 385
608 72
731 908
695 989
212 357
346 240
788 592
139 941
783 35
92 303
727 1006
580 557
927 204
769 592
677 857
37 706
218 646
779 950
530 450
915 742
807 238
983 571
830 98
488 589
133 580
892 860
563 448
394 466
652 139
34 306
996 72
1012 190
718 767
116 224
193 8
967 1000
246 926
547 52
0 12
641 133
592 509
994 131
958 364
597 586
503 632
892 475
704 881
665 398
624 782
622 818
790 565
794 12
467 318
64 467
330 705
601 922
190 571
30 124
935 627
711 414
235 579
889 939
436 530
313 37
288 936
855 54
477 625
66 945
943 130
388 249
835 989
148 2
536 178
126 447
805 837
861 17
393 726
956 829
233 246
866 521
158 697
576 635
299 642
556 218
773 945
468 584
910 616
586 423
794 713
870 575
526 708
592 919
410 525
725 643
771 567
141 929
241 717
540 540
335 73
758 84
1018 202
669 904
818 231
303 588
944 150
140 447
858 732
342 244
233 43
888 1004
611 5
909 852
722 426
368 33
499 102
118 493
305 787
373 99
1018 677
688 939
827 828
362 661
536 704
905 770
748 769
750 335
774 636
163 472
38 531
506 537
633 624
6 938
387 379
14 381
32 702
296 859
506 658
496 18
339 378
788 63
123 515
398 898
127 561
346 165
68 852
702 701
452 708
616 839
63 630
197 96
308 493
955 814
128 428
832 467
806 597
530 929
88 928
803 215
465 126
380 533
978 58
210 407
766 826
222 829
432 419
925 740
913 857
530 17
261 339
484 43
936 1014
972 0
918 752
215 359
878 595
892 832
653 78
215 395
905 438
200 313
857 102
30 746
959 560
763 196
899 223
239 811
213 187
811 107
939 2
466 793
597 334
602 226
413 817
621 294
231 822
607 65
924 637
811 859
174 551
31 49
774 270
861 988
457 648
71 373
651 538
142 224
872 744
451 261
538 48
555 769
870 139
834 770
776 622
605 950
149 636
1000 923
906 837
887 340
461 959
713 88
473 855
313 321
576 764
583 90
812 114
859 659
253 670
405 6
268 1011
956 417
623 932
316 506
745 180
846 183
115 535
271 588
366 584
909 942
324 468
8 113
583 868
772 836
514 153
842 782
140 775
175 764
683 491
246 405
671 68
588 786
603 859
350 969
420 236
888 744
704 896
857 263
740 605
76 230
759 918
1012 899
669 163
639 329
655 885
734 302
953 298
65 532
133 415
478 553
651 342
274 332
214 107
595 955
713 671
161 448
566 150
323 211
313 963
540 968
824 250
247 754
548 312
262 682
727 740
211 355
58 485
687 273
593 258
204 282
930 365
730 472
515 29
683 829
992 200
773 793
450 1020
523 999
308 785
657 12
502 868
367 560
330 30
833 923
288 13
181 194
379 911
666 894
940 326
699 909
526 449
678 976
445 177
951 754
962 584
766 440
429 109
1001 759
139 810
658 427
824 839
622 179
726 264
49 642
590 749
527 92
174 181
45 619
358 996
349 297
557 91
737 986
200 714
721 339
501 355
767 301
170 365
480 896
629 529
514 196
254 18
288 428
199 333
24 558
306 373
855 863
465 568
825 665
259 522
1005 760
877 748
37 23
89 517
919 718
22 409
914 277
427 179
705 627
512 729
161 818
79 1016
657 544
560 458
185 819
980 166
555 833
914 592
856 1003
85 751
698 108
137 588
385 564
767 66
167 256
796 328
50 875
320 708
395 881
142 580
676 99
747 208
932 637
800 765
617 886
492 291
994 629
879 355
170 623
421 337
879 193
666 929
44 986
613 439
843 756
1020 496
855 743
704 763
356 480
504 973
342 997
240 312
602 96
667 772
719 65
86 574
258 752
479 303
714 69
742 534
825 738
6 656
457 710
395 814
166 900
763 509
873 1004
821 451
76 465
200 795
530 286
345 788
14 824
67 728
893 810
238 694
524 244
326 982
954 722
772 97
598 511
606 447
491 403
898 567
868 74
338 374
360 683
139 374
484 206
79 353
1016 317
24 517
562 350
475 492
48 223
589 646
734 171
69 202
575 968
769 419
18 84
794 379
767 933
753 227
115 832
581 108
126 605
625 688
955 76
156 1004
299 746
626 9
917 696
211 468
640 981
888 658
41 658
13 808
567 767
12 682
575 593
790 701
174 391
365 105
467 522
85 766
244 712
776 137
384 987
606 0
944 470
658 985
104 672
770 671
415 782
329 990
351 96
668 525
487 9
630 955
531 716
697 775
404 449
913 788
413 495
788 333
965 422
295 45
70 41
716 485
823 21
452 150
117 96
675 605
105 281
536 637
997 209
388 377
659 277
141 48
772 929
381 713
328 676
758 398
717 450
884 516
472 312
666 589
408 317
170 513
599 706
126 572
916 515
950 551
792 67
599 541
997 980
230 301
633 989
699 326
415 559
843 887
871 485
453 255
803 623
769 378
306 895
950 198
386 876
749 155
944 324
696 917
280 926
194 913
891 893
216 283
429 35
146 276
520 599
532 299
199 277
677 505
148 604
703 535
456 428
690 376
752 362
269 8
264 463
922 132
333 114
415 762
149 561
14 669
137 546
969 336
823 622
841 972
202 520
483 659
948 149
11 676
511 281
684 775
744 582
907 53
696 298
815 845
860 830
491 997
352 436
309 152
34 126
100 237
646 583
896 570
732 907
222 219
164 906
994 909
465 878
962 137
152 754
983 1012
560 450
985 912
886 270
40 920
396 140
133 18
723 5
588 431
913 810
650 53
693 621
962 134
475 901
271 627
631 230
616 167
680 577
55 542
848 96
439 220
236 572
239 960
578 827
367 467
614 1018
520 283
615 459
417 66
336 688
693 967
919 285
110 575
863 165
94 687
261 533
907 498
81 122
434 659
950 801
102 540
795 623
823 386
58 216
452 394
904 122
337 799
407 447
351 246
612 445
933 874
978 817
348 35
939 782
695 865
559 797
381 331
396 180
717 454
396 146
848 277
268 161
52 675
608 403
922 197
848 831
47 802
624 395
838 540
153 509
381 712
282 763
19 679
943 737
109 316
883 958
593 127
95 645
802 704
25 700
901 873
508 948
652 108
319 466
648 472
975 6
160 233
769 180
912 688
917 1022
1004 776
956 573
903 27
195 681
731 220
358 608
69 866
532 721
974 851
163 599
299 114
605 460
348 350
640 236
14 533
234 1019
285 166
568 164
194 763
845 925
983 179
510 29
21 18
750 996
870 914
571 145
4 152
605 352
502 221
589 516
754 823
511 15
990 56
179 160
819 1
61 779
180 571
808 202
590 534
174 436
424 745
581 429
897 163
781 375
384 346
891 115
146 379
130 112
435 310
272 230
311 333
1009 491
905 793
693 471
304 867
907 728
588 464
133 461
627 915
836 1012
237 704
103 383
59 233
495 494
543 767
724 854
77 710
322 982
479 1015
429 783
859 312
488 423
776 621
885 380
512 697
368 750
377 471
109 436
704 605
930 224
348 631
54 425
317 376
383 796
368 812
556 203
100 20
626 877
641 487
233 130
161 601
880 538
48 989
975 752
570 881
976 919
488 7
320 805
383 704
578 751
492 110
954 593
130 557
446 771
20 679
901 181
256 757
720 304
723 671
32 269
528 1009
164 1017
1016 485
798 375
165 352
103 657
462 33
226 592
590 672
340 611
327 217
792 583
975 488
887 674
135 920
943 664
905 84
657 897
569 431
248 734
784 351
367 222
385 594
815 975
242 131
562 570
348 331
129 299
819 1017
973 955
913 893
595 794
977 228
667 522
659 915
232 419
243 599
642 628
169 433
579 412
564 118
982 912
449 87
188 244
80 137
175 993
6 770
763 983
998 406
481 634
298 713
29 541
289 671
145 458
80 724
870 644
842 828
533 267
916 721
512 996
858 687
966 865
434 705
824 408
88 282
18 386
995 48
927 260
719 48
719 800
772 565
420 591
370 953
858 262
650 346
234 485
10 176
326 444
882 126
852 970
408 871
332 380
919 235
640 614
283 335
390 31
901 811
622 247
740 457
509 367
803 743
852 813
920 154
233 778
280 62
724 689
933 32
45 828
267 685
418 550
1021 809
581 898
596 180
121 312
637 630
679 416
349 507
206 245
661 439
1023 942
501 723
607 410
755 652
214 1022
313 633
548 310
418 106
184 1014
286 305
302 923
935 982
315 261
465 521
506 103
961 506
21 438
205 628
849 961
256 39
959 569
672 484
880 66
590 40
56 876
346 359
775 257
317 66
518 782
588 1
885 525
507 906
963 712
510 788
649 766
828 585
312 476
45 168
543 635
208 599
487 554
958 238
812 251
304 306
10 892
307 895
393 814
778 333
503 264
97 128
7 925
713 319
378 758
487 921
369 695
496 856
226 431
70 14
682 375
320 692
243 628
564 637
418 318
970 921
582 43
26 589
969 739
908 323
474 371
220 843
43 716
676 269
123 746
283 806
97 603
474 341
207 14
978 626
332 924
523 915
967 549
480 912
265 365
211 739
736 431
558 779
124 210
24 247
957 307
29 30
911 504
371 94
518 325
720 851
225 220
742 169
769 198
57 10
563 269
749 276
700 284
31 824
494 56
48 427
363 77
458 250
581 829
345 76
131 41
927 356
261 645
525 7
843 583
17 383
852 767
659 528
27 690
329 521
746 377
949 86
454 383
336 12
188 681
88 319
723 1015
676 984
636 177
991 455
760 1009
838 588
752 473
93 779
140 422
276 886
799 201
972 229
584 285
241 773
966 329
68 665
320 744
626 956
922 593
388 658
578 202
223 306
676 316
61 816
738 338
678 513
539 627
742 100
912 984
873 854
289 941
496 610
662 98
542 560
691 930
194 246
109 417
552 785
733 614
577 447
952 231
960 467
858 679
567 746
639 416
577 928
334 49
514 996
147 33
532 838
963 726
60 48
120 613
833 853
203 386
277 131
618 213
598 452
892 142
175 507
558 752
412 892
801 926
864 948
959 372
762 899
75 823
947 195
412 757
24 615
119 301
746 737
515 320
166 383
462 341
891 1021
69 279
889 870
181 730
794 117
78 532
1016 153
331 939
348 743
672 373
334 792
674 56
505 165
377 671
549 839
1012 416
836 57
695 702
927 876
408 697
993 486
206 985
640 537
901 988
257 549
337 591
317 1012
648 823
153 1
470 702
840 459
94 653
516 789
331 420
642 739
93 611
201 299
573 841
837 450
806 70
999 119
661 293
107 285
92 261
286 562
963 103
1021 34
756 514
823 63
934 441
802 3
29 1003
303 602
821 116
28 603
186 3
722 847
296 830
109 388
67 395
951 6
498 948
40 230
438 864
293 348
281 71
352 310
51 655
912 872
771 940
451 957
944 149
780 216
979 889
605 22
261 532
29 759
456 69
990 895
933 259
219 191
331 571
501 382
202 390
230 973
306 681
906 226
830 663
443 786
528 24
808 789
556 837
525 1012
907 491
883 816
750 79
1007 57
650 485
439 853
875 669
802 157
326 685
384 133
324 827
919 852
851 703
618 383
517 119
371 400
610 231
192 336
310 176
394 960
661 833
789 512
479 568
669 805
229 29
938 553
856 833
381 683
513 999
42 6
94 414
406 704
645 598
17 955
774 411
891 411
220 657
923 699
201 569
481 430
598 395
983 431
205 340
90 718
316 133
724 410
547 106
91 168
704 108
99 455
519 990
866 739
623 766
415 824
311 896
230 909
267 189
316 472
530 407
166 846
540 890
232 63
996 323
231 677
431 330
108 950
296 974
666 920
716 57
720 3
953 951
913 196
116 205
669 646
612 835
468 128
191 674
0 422
327 432
752 435
358 25
386 0
945 78
57 641
82 1010
568 995
183 685
176 852
307 789
663 776
917 341
453 85
1016 453
507 319
885 236
755 220
261 117
220 182
195 278
823 277
264 368
248 447
29 425
275 336
190 939
88 83
256 541
168 248
995 676
568 856
912 299
52 149
416 273
331 611
551 130
889 815
498 113
239 527
538 514
864 728
429 952
812 686
470 980
632 478
273 520
777 326
669 169
599 1000
781 126
107 646
941 605
759 156
109 274
671 973
1002 76
901 790
762 347
747 673
788 355
127 38
876 905
364 521
50 963
498 831
65 605
453 1006
186 189
139 295
463 810
244 441
886 122
208 625
469 955
274 234
286 401
272 138
282 636
660 333
575 134
140 640
739 594
622 925
783 761
197 222
547 441
663 410
563 871
11 9
802 285
243 65
686 515
203 969
127 863
278 702
997 418
318 712
1012 940
614 771
678 811
993 201
228 633
611 792
480 622
801 259
907 20
324 570
535 527
515 662
367 793
340 340
187 658
29 176
574 643
947 228
430 917
430 658
526 17
426 1006
640 203
241 523
223 565
69 758
69 584
396 436
353 736
776 541
370 805
717 945
424 640
149 854
533 579
489 35
597 915
18 213
95 259
736 318
825 806
53 894
366 449
306 720
162 58
237 532
864 954
453 264
570 603
95 80
158 584
115 755
475 133
968 570
393 681
889 194
463 942
64 829
367 370
525 529
428 762
38 268
692 491
533 239
70 628
319 229
188 434
984 663
568 929
210 961
586 75
131 25
1017 195
854 360
565 356
890 993
94 928
238 787
395 771
2 466
375 321
695 563
755 655
202 299
560 412
236 122
487 367
147 480
562 1002
841 103
334 707
73 428
611 311
191 1006
58 193
448 433
514 119
996 246
775 174
545 311
587 782
434 50
125 581
531 688
559 348
791 893
31 864
298 642
151 489
624 209
683 49
642 173
168 614
419 943
789 965
231 352
723 665
402 848
222 933
512 782
257 280
651 288
120 949
930 272
415 531
481 74
580 100
247 748
714 667
668 479
608 899
831 307
540 210
131 762
119 644
520 377
924 148
665 20
73 572
292 488
79 774
562 659
874 810
383 564
453 27
20 37
926 851
344 442
37 475
181 157
95 701
534 1019
849 175
16 923
747 308
387 826
58 950
461 932
736 845
473 165
872 493
202 775
320 546
193 358
1021 374
515 93
52 25
88 901
200 104
800 948
413 164
750 471
90 188
380 826
9 853
991 881
322 169
632 642
715 826
1000 712
176 491
805 228
516 894
106 717
998 906
641 387
46 367
859 136
555 215
962 564
44 929
422 366
74 30
1008 789
856 985
478 9
452 259
237 969
129 343
662 104
226 279
491 272
646 326
409 178
541 347
742 585
253 140
951 327
171 936
93 3
897 571
12 325
830 250
270 960
593 932
40 819
187 531
68 834
858 477
1012 375
824 730
961 53
871 888
381 18
800 474
21 673
21 34
999 851
284 245
787 877
154 827
673 341
335 741
151 169
194 139
544 1018
870 481
48 717
346 429
735 122
903 756
796 924
790 771
751 50
1016 515
928 146
318 577
488 653
294 639
822 488
779 343
482 625
824 530
318 146
959 29
269 838
785 41
738 552
812 466
602 804
981 506
951 275
59 415
929 353
30 727
841 809
46 300
410 871
830 728
1017 766
757 262
580 519
303 295
47 91
761 649
896 718
132 823
993 191
214 898
545 244
602 362
30 648
662 440
495 469
145 489
211 902
751 791
397 31
62 444
122 823
70 1018
517 202
817 487
393 7
361 938
252 963
277 282
588 939
722 59
384 867
548 595
746 276
363 119
307 425
564 429
225 634
424 742
836 217
205 205
225 567
120 477
506 397
759 70
312 457
130 697
301 678
268 23
954 631
142 237
33 706
667 258
316 67
1000 128
284 182
334 509
749 454
986 231
851 721
302 139
155 432
836 456
86 81
479 17
712 621
254 745
304 921
1003 620
988 980
749 249
138 59
758 887
513 721
94 340
418 396
479 573
828 292
5 915
373 484
932 61
82 162
807 386
60 786
1006 24
742 731
273 880
790 8
743 279
729 838
619 123
210 75
697 15
367 702
930 740
163 838
801 245
1000 584
631 36
347 613
61 65
321 334
946 87
342 665
367 47
479 986
171 690
37 868
705 404
546 611
120 709
425 922
954 401
482 561
438 829
151 499
895 472
833 817
559 152
458 926
199 938
889 370
604 926
214 285
307 761
896 427
446 297
325 377
698 808
938 112
613 65
611 484
537 421
277 73
573 736
999 772
650 864
119 230
767 333
515 50
70 387
477 517
684 803
894 358
587 808
471 176
874 58
661 387
479 938
460 28
650 436
801 276
276 920
506 19
229 1021
69 300
384 547
817 44
326 687
403 913
471 874
65 321
932 726
709 388
641 145
416 267
581 193
544 858
89 26
877 319
24 947
619 408
470 412
453 796
75 856
685 546
706 750
868 614
453 553
1002 70
698 395
337 256
588 881
90 678
908 967
997 932
890 592
316 336
1004 769
108 55
601 793
601 283
520 445
898 973
998 876
19 673
247 356
929 836
214 1019
490 98
962 463
6 829
31 322
141 11
68 250
66 669
19 667
953 539
89 827
488 63
679 507
736 927
864 641
739 54
636 205
152 575
668 158
380 699
480 521
710 548
771 776
194 791
419 123
306 508
950 795
572 605
278 284
508 118
926 223
172 538
428 324
89 72
482 469
771 963
991 457
487 738
209 681
505 629
804 812
113 730
583 685
312 861
970 820
980 872
20 128
386 448
453 476
521 935
945 268
874 912
726 338
627 935
1019 108
540 800
920 654
506 479
315 818
317 261
615 273
109 635
401 496
59 854
972 580
766 893
849 616
782 551
954 385
462 950
493 1003
726 390
633 208
869 948
3 162
186 618
435 295
229 837
791 288
667 739
869 409
609 694
2 367
221 956
752 683
882 221
662 584
611 271
793 457
196 796
619 382
677 619
868 445
907 511
160 752
921 769
422 923
112 643
855 864
303 714
62 965
274 673
213 43
106 409
839 726
791 205
757 444
824 601
889 708
88 26
436 1009
795 859
908 908
478 740
748 781
430 810
723 704
460 936
748 566
321 563
268 88
769 1
532 569
602 398
253 691
424 690
676 195
525 561
79 1003
277 828
761 707
614 460
387 50
372 111
617 693
675 885
781 420
887 289
989 465
687 219
132 87
909 809
283 410
346 362
389 623
166 126
306 781
586 693
831 958
805 424
627 456
286 384
876 149
674 841
614 337
36 747
425 945
532 708
331 878
46 721
477 213
847 783
994 410
452 801
344 233
202 972
689 488
332 541
637 1006
359 227
320 395
974 745
317 482
429 648
336 475
345 813
688 169
572 658
579 1
436 923
234 638
871 924
102 180
441 739
162 800
966 482
172 917
203 489
375 632
113 712
84 459
501 772
628 50
407 183
51 843
82 285
457 954
185 559
110 627
274 272
403 216
755 575
109 958
40 485
567 154
173 651
613 674
399 217
724 806
400 775
625 482
37 58
412 222
617 522
849 891
795 229
84 526
804 193
460 845
678 3
654 588
502 30
805 202
836 181
978 438
663 1015
496 52
213 90
574 39
981 345
268 41
871 48
235 308
893 913
311 868
741 966
432 219
996 213
421 808
394 375
222 34
366 719
86 580
809 660
619 766
1006 887
808 853
935 19
137 805
932 449
649 649
391 58
868 363
271 266
147 666
641 370
700 1008
65 786
564 874
422 159
616 404
22 400
234 957
419 371
738 328
820 364
977 187
422 822
550 693
64 698
335 705
44 11
689 109
797 229
983 196
388 575
600 410
976 834
344 371
182 58
699 1002
422 653
166 844
451 716
514 515
390 849
196 434
861 886
543 634
91 502
830 480
54 407
890 6
217 210
377 399
269 53
378 691
706 544
512 133
236 2
648 627
851 844
37 688
706 581
299 798
59 105
254 113
512 120
119 730
331 497
105 600
550 483
267 232
3 779
365 240
781 1013
867 609
833 904
273 516
461 572
290 521
678 544
634 166
664 754
896 995
227 1002
571 777
461 839
1009 465
594 350
705 352
339 548
961 148
428 210
664 890
783 954
387 437
474 1021
603 115
751 476
86 978
454 658
731 915
473 716
356 43
42 37
395 381
585 332
530 1014
543 170
880 302
101 243
739 575
240 318
690 992
794 777
946 224
411 654
116 884
346 472
927 389
510 299
770 71
631 276
61 150
447 941
452 548
160 167
99 401
486 790
369 256
543 291
481 954
945 597
814 268
45 717
657 555
1016 403
627 624
680 688
774 103
606 203
651 766
370 750
143 856
516 512
89 35
804 570
989 725
143 779
993 188
473 626
744 465
6 347
65 686
11 840
789 617
19 416
360 389
142 503
222 659
1016 311
694 796
881 660
497 0
415 467
188 888
69 932
330 75
255 395
761 267
211 526
884 230
942 220
620 61
724 842
720 716
129 390
488 1010
26 985
1010 442
428 174
306 498
83 636
573 338
8 311
605 219
837 466
450 756
686 46
817 386
888 513
78 1017
903 566
1003 930
528 989
348 956
139 654
430 222
267 1004
561 275
291 142
494 104
608 944
860 271
990 653
657 854
142 736
847 22
278 826
952 806
791 276
739 931
930 145
129 173
125 690
448 416
833 943
521 417
863 357
688 830
1011 322
660 129
34 484
151 312
286 79
95 54
355 834
985 262
979 90
435 81
781 884
497 590
803 1018
1007 642
352 672
448 339
994 85
468 4
569 620
316 855
699 411
909 31
221 870
293 177
961 728
258 718
588 755
284 367
750 267
1010 78
939 434
417 909
519 885
913 64
481 206
920 157
617 805
188 839
652 481
1016 589
185 250
283 774
1005 567
117 731
834 103
809 750
538 202
635 33
64 525
98 545
731 1018
702 324
799 890
139 427
347 131
1016 533
381 275
283 363
842 400
70 653
504 880
379 18
58 1014
51 122
515 149
668 222
143 346
547 943
213 686
346 560
818 339
69 175
614 352
538 433
753 609
62 233
465 441
251 523
431 302
646 947
452 290
145 595
636 692
514 849
355 861
386 149
176 455
324 790
808 863
199 537
448 261
770 913
702 1021
412 110
299 34
33 751
324 178
323 961
871 837
786 202
674 148
351 850
604 675
617 388
514 816
925 962
54 671
851 756
668 240
866 967
274 899
695 599
54 1018
536 925
831 298
103 482
447 454
308 27
105 925
415 620
718 316
558 772
987 386
504 631
626 347
574 900
222 245
475 276
239 1011
177 47
286 280
529 733
734 837
760 840
739 151
436 433
467 994
181 430
356 685
37 982
8 611
859 231
857 310
507 72
298 685
119 584
965 648
293 676
462 29
492 177
180 928
610 647
898 791
53 231
452 90
189 461
692 534
335 175
607 633
860 726
193 802
351 486
454 813
515 946
990 695
850 576
318 724
343 371
955 795
461 121
232 138
145 924
673 480
76 256
89 936
982 282
714 309
768 144
98 259
66 64
954 916
640 248
617 983
619 548
755 56
669 987
195 815
888 868
271 964
100 361
876 58
643 567
368 388
711 466
647 778
531 578
670 147
826 263
107 422
812 862
478 457
825 673
248 689
517 520
629 617
881 482
676 500
25 20
888 736
486 512
490 1017
66 137
141 892
400 248
290 188
86 769
646 911
418 894
577 936
390 182
529 247
664 181
748 689
201 612
402 688
100 892
681 166
5 822
35 406
46 325
594 132
70 216
20 489
87 597
401 477
779 930
725 420
88 449
85 289
37 487
977 138
356 635
304 361
433 339
767 480
665 338
612 735
554 632
200 641
205 601
95 985
508 820
381 596
245 466
885 282
954 839
420 286
450 725
647 883
40 391
339 705
729 952
417 259
560 617
901 766
195 996
727 703
792 84
275 13
550 136
295 480
975 716
766 401
417 390
261 457
781 600
139 486
528 556
745 65
149 622
831 344
594 534
23 362
618 298
375 144
435 671
625 386
363 367
788 780
757 25
213 514
625 352
1000 130
908 722
195 34
320 2
378 915
536 402
253 130
700 629
274 111
276 899
498 639
243 262
395 1000
287 608
491 912
961 467
18 845
165 213
879 486
215 234
377 751
636 630
881 312
235 132
424 511
7 922
126 250
160 521
227 447
106 718
335 43
161 354
888 327
567 744
813 783
978 166
510 590
796 368
902 8
500 302
519 507
200 646
758 360
143 985
807 249
679 119
292 840
473 157
143 16
901 956
799 855
98 286
421 895
654 299
903 130
637 802
20 371
139 164
332 946
413 1011
41 706
828 514
863 971
531 740
904 306
571 1002
592 992
873 222
267 752
352 869
127 990
648 147
337 787
311 670
709 725
657 751
407 461
241 246
409 772
986 289
55 533
267 647
501 117
870 768
869 198
614 996
164 238
120 502
1 431
148 710
132 805
437 539
243 679
785 652
427 747
941 482
256 184
106 757
301 976
502 147
150 92
119 315
330 239
817 331
671 965
17 803
746 455
319 989
110 80
617 537
828 534
1020 60
719 102
818 1020
54 296
143 204
388 263
519 718
502 312
25 149
253 42
953 1000
497 248
965 607
328 559
121 132
69 117
193 788
219 1011
785 273
283 928
477 671
167 997
365 670
285 390
819 539
432 748
515 930
996 456
513 301
1015 634
433 61
751 626
849 970
613 610
219 896
515 697
543 682
670 908
328 955
274 124
470 707
872 985
613 845
418 102
122 409
737 555
470 464
158 296
411 771
906 630
644 397
303 163
56 973
48 384
905 322
508 351
5 357
313 618
178 731
721 300
116 434
855 587
898 1013
883 285
761 765
916 381
139 195
544 195
145 592
579 26
915 64
377 920
421 690
515 599
397 212
899 514
646 730
77 520
720 960
806 457
701 698
838 840
893 358
11 14
951 591
40 842
655 418
738 52
84 229
651 482
441 526
996 63
232 49
584 952
1009 366
385 686
40 199
503 933
558 514
948 485
81 988
303 736
382 17
788 467
247 415
949 688
941 921
752 150
970 312
78 955
678 464
617 718
663 96
627 197
611 551
682 692
516 985
405 898
1003 169
341 226
585 266
914 502
163 642
652 109
954 731
40 608
171 658
302 834
754 930
8 341
457 690
10 973
652 415
848 631
584 165
857 145
432 747
648 595
366 276
705 296
1007 745
905 154
379 183
989 110
89 997
451 547
663 461
496 291
876 320
922 437
486 755
582 918
479 206
489 845
483 170
117 466
916 1022
621 271
182 586
381 271
559 833
818 198
270 291
490 123
611 388
560 73
120 118
991 599
325 457
420 808
627 537
250 519
536 871
791 718
433 148
989 992
981 784
167 228
51 657
351 662
21 911
736 141
5 703
740 330
136 136
114 764
674 365
259 186
212 26
904 646
175 869
614 132
629 781
360 680
414 711
319 436
598 31
577 604
734 294
934 871
430 25
611 80
390 870
266 602
897 146
224 48
1016 839
180 621
596 541
278 1011
228 597
423 827
628 1000
407 338
270 317
185 701
342 796
781 732
643 24
311 516
170 535
564 162
350 744
784 947
261 38
934 490
635 333
293 239
309 700
577 580
1017 763
257 336
535 14
44 154
38 355
670 209
891 210
371 217
955 131
140 192
169 50
682 804
383 975
19 693
651 597
249 645
336 506
981 871
520 1
2 559
357 672
768 224
883 115
441 814
247 582
1006 416
632 665
197 1016
616 216
685 244
813 934
889 125
416 846
997 936
847 999
471 180
647 215
404 506
331 846
296 578
404 279
994 12
944 167
4 536
384 689
780 173
599 645
299 1015
467 272
928 291
247 375
471 894
591 876
377 922
698 673
476 78
952 446
90 872
614 95
385 998
784 141
147 360
787 446
351 230
718 255
521 965
631 993
836 198
845 189
96 519
862 572
597 791
1018 687
639 608
782 0
582 543
142 730
903 929
152 230
135 871
486 657
812 93
626 624
291 447
813 387
966 652
959 539
419 953
202 34
538 985
35 96
504 177
826 383
82 979
613 217
826 75
874 614
168 476
215 459
923 4
846 865
656 781
380 51
711 583
86 225
544 121
321 24
298 124
407 380
79 1020
597 905
72 448
495 240
924 710
700 824
715 522
665 347
280 22
399 991
605 485
192 125
606 513
149 904
637 556
260 716
552 857
597 624
281 69
865 182
779 541
1006 470
39 647
818 319
669 193
286 250
678 478
375 260
992 524
140 605
56 400
298 609
233 895
209 515
964 50
697 720
591 679
166 631
302 984
950 972
153 213
198 831
691 574
67 659
74 207
241 131
607 539
740 841
410 949
332 351
1000 5
47 567
684 213
174 986
174 101
934 327
314 109
135 1005
683 202
641 757
410 882
888 1017
397 604
834 807
530 142
134 506
147 181
49 831
395 224
794 569
325 704
896 639
813 7
620 472
210 237
206 620
95 70
613 492
675 424
276 181
566 410
687 714
592 736
521 987
960 291
532 261
996 404
900 785
412 497
234 622
734 440
218 830
510 831
298 161
231 574
342 798
985 5
488 553
742 1009
516 678
277 24
940 249
428 816
10 840
289 244
438 0
684 656
830 171
464 104
332 695
679 675
469 640
680 957
169 398
943 685
53 196
709 993
445 113
785 455
954 51
700 368
51 360
1 881
531 465
985 864
136 640
515 606
256 171
539 425
570 458
86 623
654 795
592 75
909 353
531 839
404 207
183 455
567 184
312 75
649 274
939 786
914 430
368 147
601 907
572 147
342 659
770 996
430 338
48 315
692 579
130 72
786 314
528 329
498 840
404 124
90 319
910 1005
749 254
128 327
137 700
474 479
335 221
452 766
559 500
57 227
55 188
300 841
502 828
146 1000
644 551
100 735
870 1010
716 596
240 844
923 378
520 373
857 856
594 285
598 130
785 655
357 840
843 657
657 321
461 804
298 82
331 398
817 177
385 509
773 625
329 672
1003 849
22 837
681 616
98 255
746 884
911 80
700 730
737 334
28 175
114 326
257 445
724 50
622 85
559 372
711 888
20 690
713 42
503 371
659 602
626 381
462 513
461 138
220 175
472 248
350 586
574 607
7 274
657 630
360 192
1002 47
56 1022
737 769
41 217
116 700
819 743
57 257
232 519
395 452
694 868
700 20
430 250
627 438
525 260
44 885
452 22
932 508
20 645
253 61
862 370
761 657
89 819
914 321
314 286
774 1008
130 450
4 560
701 631
998 202
891 18
63 319
40 995
827 61
616 56
122 455
426 884
88 515
679 1003
837 993
265 587
977 395
13 981
955 714
588 930
916 455
948 979
774 989
950 577
26 543
633 148
998 36
8 62
551 687
41 364
656 306
951 609
701 965
566 633
655 130
539 548
585 463
503 335
428 430
912 454
973 522
603 947
558 611
1009 85
275 27
450 931
333 377
517 11
318 59
644 974
190 159
498 775
622 1001
87 27
407 999
481 356
497 60
279 31
672 265
117 947
292 567
854 625
944 347
636 239
407 256
189 597
415 687
348 14
664 435
41 48
411 522
404 908
583 684
940 231
949 33
154 217
600 1008
842 520
332 455
759 739
711 948
312 103
611 660
117 252
72 158
300 483
680 704
367 239
364 283
470 289
316 624
506 916
609 325
413 941
780 148
656 467
73 968
570 684
604 687
936 676
845 212
135 502
917 503
741 257
786 188
547 79
812 29
995 397
354 384
314 110
533 970
578 606
914 124
266 495
812 179
147 633
391 283
111 284
786 853
542 548
17 65
627 829
94 599
203 449
983 517
559 492
464 113
74 354
238 341
849 26
520 997
659 911
256 771
172 18
600 714
566 617
779 170
422 873
769 625
298 728
119 858
197 583
971 271
937 185
612 763
211 108
736 871
1020 992
618 168
1010 194
882 552
811 637
722 209
486 467
835 785
172 954
619 369
513 566
640 426
752 229
165 963
337 901
810 333
869 404
501 855
598 359
384 385
996 82
595 459
550 406
220 722
336 839
67 849
381 707
251 109
936 417
49 250
294 859
583 140
240 61
995 838
420 355
200 393
438 795
852 988
177 48
686 513
887 753
338 244
436 589
354 349
1006 403
599 277
238 158
417 478
219 388
293 640
744 493
9 158
264 861
122 441
909 808
954 772
537 268
1016 973
857 346
298 840
749 897
93 988
32 510
442 251
898 735
891 618
204 900
776 468
737 898
909 622
682 839
370 195
83 363
145 941
709 443
757 435
317 850
399 349
336 841
600 210
553 468
829 757
344 581
202 58
456 87
680 114
927 27
310 1010
390 455
927 75
898 660
510 191
486 909
540 822
727 117
9 256
585 838
1013 929
395 191
987 851
279 644
966 182
671 252
168 37
707 72
112 581
732 623
773 195
508 289
1017 211
406 2
467 991
840 457
897 212
648 860
39 927
480 1005
85 127
233 254
164 940
326 277
498 34
900 247
229 384
536 223
596 943
225 39
910 42
496 783
254 121
620 293
24 76
275 110
204 508
364 368
425 690
645 923
724 521
146 954
906 682
153 478
601 378
517 488
420 1014
247 674
111 867
968 135
944 219
245 124
727 609
492 128
275 114
27 1000
635 173
930 517
856 59
995 433
437 489
921 858
479 145
508 590
1012 452
725 932
671 971
32 375
556 525
503 832
639 531
808 250
704 714
768 536
773 739
970 186
204 867
20 683
1012 529
249 1001
981 975
909 629
922 942
1004 454
443 483
262 58
1014 46
308 695
760 52
207 509
792 153
696 996
1021 716
656 1009
221 905
986 179
856 872
808 754
790 788
185 209
247 447
267 238
494 575
933 230
628 116
740 396
270 412
368 267
104 0
252 326
906 215
505 738
63 289
469 853
53 654
38 300
77 305
538 571
880 447
802 484
564 518
880 834
930 225
77 10
225 329
336 107
544 841
846 607
106 291
436 159
945 474
460 1022
779 998
570 636
422 348
96 986
866 977
796 772
178 873
782 403
178 95
511 723
936 333
306 19
624 743
178 545
193 638
543 973
613 89
585 11
437 681
997 279
634 769
27 812
618 810
192 796
905 703
495 817
12 802
836 636
521 1015
157 714
629 700
663 218
790 224
229 203
906 202
483 516
971 510
305 565
296 497
338 177
176 833
995 188
611 807
824 108
798 981
823 404
657 462
622 423
687 852
627 569
30 86
61 1002
596 366
543 893
863 881
46 15
691 17
203 278
825 3
387 599
984 186
1003 618
648 602
17 311
430 644
880 460
730 942
438 303
284 982
172 124
839 218
139 506
236 343
785 37
346 148
636 307
334 616
925 982
194 942
270 624
563 126
60 269
44 499
572 329
457 744
453 272
963 592
779 175
935 540
212 258
688 848
565 1022
440 466
980 634
384 226
234 947
353 295
193 397
794 765
726 227
486 155
499 425
748 254
600 659
794 812
917 458
636 458
456 53
924 413
687 285
639 922
208 992
193 401
366 987
143 68
190 629
224 689
30 972
944 630
607 714
418 501
149 30
959 605
83 860
1018 771
121 634
669 329
602 862
731 968
825 874
13 1015
479 237
680 509
185 600
115 792
291 533
269 440
563 205
21 647
41 16
394 162
650 39
491 228
901 198
173 702
48 186
693 527
423 349
12 608
950 127
376 217
660 646
657 200
851 678
847 892
694 217
30 320
256 521
549 133
720 722
835 768
908 504
272 307
853 284
915 779
412 267
996 48
913 629
248 740
284 71
608 978
288 638
275 544
136 824
677 856
522 488
600 406
992 872
713 822
133 604
577 545
871 550
593 761
155 842
477 439
913 62
394 178
700 669
722 836
469 376
668 991
864 245
373 833
93 62
631 226
666 184
771 513
734 341
250 890
159 728
305 48
790 699
226 466
344 949
279 813
301 947
780 141
168 129
974 262
191 581
488 857
766 236
347 476
577 597
342 736
301 648
784 67
323 1011
534 668
936 813
457 213
736 214
354 905
343 305
143 535
886 631
368 628
867 715
81 420
289 423
132 590
47 917
658 371
904 168
15 816
981 472
5 693
686 359
574 6
664 717
541 527
325 909
131 168
601 212
589 890
636 721
456 683
614 90
30 494
258 45
286 215
518 291
909 180
651 459
186 291
153 727
818 478
613 950
646 190
138 211
56 774
933 512
434 523
603 464
1018 861
510 280
53 4
572 962
184 199
397 371
490 550
74 285
4 687
211 651
877 349
862 933
100 771
422 534
271 1
998 265
862 484
545 915
488 93
853 673
292 227
20 783
777 94
44 782
782 255
409 635
604 247
545 704
1019 967
214 266
968 189
531 806
673 52
698 138
146 527
811 438
754 831
197 508
925 241
266 683
496 675
295 77
922 840
781 917
783 996
159 727
161 690
509 834
743 183
972 889
711 759
303 441
566 501
949 468
742 191
127 215
866 422
292 765
238 49
658 1021
21 818
724 182
484 210
1017 203
393 965
68 80
701 372
522 243
873 447
711 591
639 839
806 481
237 74
222 476
124 881
473 145
675 174
328 135
384 321
339 777
262 407
858 963
779 356
183 628
803 894
196 418
709 1002
900 947
53 98
399 177
979 872
322 630
22 650
766 406
971 81
160 210
488 1018
149 244
350 332
872 129
203 44
548 912
23 424
835 76
522 210
253 478
59 575
84 81
202 850
488 149
931 648
359 396
642 509
640 992
841 488
97 20
533 645
933 556
45 744
632 568
955 885
22 1014
436 106
71 638
957 559
788 864
183 123
236 825
632 876
793 450
341 891
470 874
512 379
406 558
100 14
102 31
899 124
21 311
230 92
950 163
652 714
4 835
837 240
637 446
93 406
896 434
273 342
284 786
722 690
320 822
704 422
853 579
546 874
890 776
966 816
940 594
506 944
406 320
160 19
766 253
425 638
687 699
980 971
461 678
637 781
476 317
179 305
896 725
155 763
477 98
555 393
692 38
313 74
358 474
93 100
727 519
738 391
194 694
338 655
349 976
412 825
269 591
107 142
292 262
905 769
360 436
139 29
474 452
103 832
926 197
932 630
716 646
1021 910
317 335
541 666
287 953
467 557
520 574
699 812
837 580
557 173
1016 696
202 467
125 306
503 184
657 195
830 654
81 123
990 622
789 253
551 233
810 47
807 485
859 620
41 392
794 34
65 996
501 190
278 776
217 781
960 875
976 767
505 33
890 471
655 656
725 182
889 511
229 672
997 64
269 14
457 39
48 522
11 549
712 290
302 929
47 238
780 0
1005 262
33 872
733 689
504 434
871 369
946 77
17 919
141 286
933 598
325 982
96 337
507 808
627 809
714 674
24 470
674 5
732 708
877 442
373 357
876 220
726 798
297 744
693 439
6 603
13 332
561 110
669 44
918 272
854 608
946 878
55 597
883 787
281 737
205 654
70 58
874 797
856 148
517 526
587 523
855 666
710 500
710 605
772 540
189 695
394 244
268 254
8 549
991 213
179 37
271 29
834 104
177 327
630 764
851 735
341 682
377 27
159 63
632 931
604 822
602 998
42 870
228 50
395 195
264 574
233 535
604 43
639 781
371 245
522 198
980 863
880 333
890 15
397 499
947 1001
297 525
975 339
372 180
390 767
375 654
318 608
165 922
652 805
679 1023
26 177
197 1007
16 53
316 907
69 713
382 1016
690 679
517 642
1018 889
822 384
633 173
14 951
782 180
849 410
985 504
409 1011
682 606
994 698
659 287
581 728
1000 963
720 667
618 214
285 613
79 83
997 712
256 1012
639 14
168 464
424 129
969 833
116 627
415 87
301 51
374 883
779 350
822 476
1017 417
690 278
6 769
361 1003
458 618
991 73
632 135
538 33
264 483
866 381
86 258
468 387
309 842
246 64
168 45
540 162
462 206
440 468
976 802
447 410
396 415
483 4
550 1021
37 815
480 904
172 566
138 640
954 447
458 176
511 626
221 28
788 683
234 205
127 186
1007 575
596 379
383 516
53 421
307 534
301 479
76 439
95 6
886 553
183 373
156 404
401 944
64 636
125 191
822 108
766 395
487 732
451 871
225 504
268 532
14 569
1012 91
1008 83
97 870
637 280
219 793
685 621
713 749
233 839
940 31
947 683
426 411
391 877
258 616
358 526
125 372
71 113
463 55
196 561
925 833
841 120
602 502
741 292
227 974
107 144
1006 30
827 408
441 194
262 699
811 620
201 936
992 272
25 432
327 221
993 228
31 810
349 633
289 66
925 516
17 8
660 1023
39 463
407 480
658 669
156 445
265 357
357 234
630 382
666 957
603 635
162 634
421 511
244 710
577 145
203 594
154 863
593 193
303 1001
673 961
646 829
382 912
163 739
122 793
97 788
726 700
399 888
311 820
375 555
507 953
700 710
523 854
549 93
23 852
70 697
789 716
604 665
886 726
434 983
490 137
660 889
1 971
686 377
502 169
306 178
879 829
9 404
922 32
233 992
729 1022
685 208
146 265
873 8
992 284
992 458
421 628
324 422
575 1010
799 53
155 81
231 10
911 240
414 809
273 647
778 1002
646 439
186 792
704 36
800 672
320 768
107 741
372 431
139 947
417 939
1000 572
1020 208
582 907
448 996
693 721
620 447
700 242
886 886
10 566
922 810
215 218
555 322
959 927
753 75
851 146
1014 827
718 1010
11 276
894 460
248 563
157 868
1010 857
86 872
720 96
414 618
907 629
837 438
951 772
341 680
847 168
826 837
996 520
824 1007
796 694
443 21
233 601
889 219
434 976
67 130
48 481
749 955
87 562
369 14
310 711
695 134
879 497
971 851
835 790
441 254
811 674
855 677
893 266
629 960
396 677
418 121
609 505
683 978
519 994
665 190
104 521
688 51
348 682
823 159
448 240
414 236
915 245
913 784
511 518
721 908
171 115
5 780
620 689
735 115
659 376
306 763
897 994
814 222
652 613
381 76
854 795
312 745
17 201
505 528
719 202
412 891
317 418
647 937
83 358
29 742
735 335
481 608
305 271
830 957
885 188
9 715
983 322
436 1000
523 941
505 219
120 917
86 437
311 733
351 394
68 380
112 803
715 593
387 1020
865 194
953 726
382 962
417 341
260 853
318 784
770 823
1003 890
716 65
304 4
798 655
398 866
11 511
645 726
80 9
722 945
203 651
647 585
589 40
926 850
893 220
610 640
19 589
506 736
654 810
740 428
441 114
271 452
625 916
154 706
925 876
627 104
503 251
689 69
291 592
919 161
812 505
801 832
70 283
544 724
70 260
128 511
374 399
964 1000
292 94
682 193
971 285
298 450
536 987
519 828
555 414
989 344
919 766
152 989
25 696
689 95
956 818
607 306
193 547
282 485
641 964
679 588
226 977
15 762
940 534
566 472
949 531
816 844
273 968
810 299
640 475
394 572
269 1001
878 463
524 137
948 142
77 603
730 303
556 745
42 473
256 608
945 181
116 737
1 389
681 811
688 297
263 59
869 532
36 723
995 561
860 920
703 938
499 409
217 32
131 259
505 387
868 426
568 984
139 569
349 820
357 14
93 620
73 962
128 109
661 100
670 498
1020 349
412 495
759 629
527 890
889 8
253 733
434 821
693 573
366 18
369 723
32 462
319 105
400 448
215 38
548 885
536 544
211 948
15 970
553 543
836 418
551 65
127 986
886 820
535 228
839 905
952 871
343 247
977 744
695 168
782 219
29 294
763 240
218 779
186 771
298 1022
166 849
63 293
811 949
90 323
154 929
204 82
776 547
329 729
267 1
897 25
220 927
319 984
143 537
739 330
285 13
328 451
862 392
744 650
317 834
973 471
739 153
553 492
700 883
197 968
884 71
993 80
998 289
40 117
826 779
447 87
792 776
538 631
144 259
257 461
69 206
933 809
359 462
277 35
321 474
1003 181
545 973
262 519
238 302
637 40
58 60
128 850
836 666
457 980
925 714
418 995
920 327
780 255
789 33
291 87
507 270
268 29
219 530
548 457
833 161
498 891
222 626
717 34
268 151
1015 170
865 409
141 762
736 921
1017 501
954 284
588 437
555 857
466 774
363 1015
208 172
152 706
39 374
308 757
409 576
908 400
746 749
809 887
487 521
784 481
1022 714
765 587
128 296
420 594
47 783
585 255
956 738
961 995
88 245
728 497
821 612
897 544
338 682
407 825
179 168
282 178
882 24
765 1010
320 161
581 367
944 142
622 876
880 559
848 969
804 552
442 602
141 316
122 479
998 529
280 154
697 563
332 556
587 73
542 907
234 99
251 154
242 873
7 98
409 855
43 189
383 486
791 524
802 913
1003 776
419 260
930 92
823 238
648 386
311 167
269 545
266 520
700 508
370 707
607 779
538 650
968 921
112 736
422 914
625 401
667 20
661 573
113 460
812 761
846 99
928 92
645 171
612 321
679 982
4 262
737 542
913 682
439 1
394 861
916 1019
239 559
16 900
108 129
337 920
890 159
1020 795
251 641
966 864
962 621
822 966
884 536
484 773
194 923
774 588
761 666
583 1000
201 599
876 310
728 189
206 595
349 202
366 600
843 308
440 781
929 239
723 789
775 183
538 969
83 289
533 844
955 92
820 133
692 672
443 396
862 649
991 187
852 333
787 671
641 204
429 547
443 128
312 194
312 851
139 395
116 672
215 47
764 11
180 432
683 623
829 521
249 796
708 77
106 472
748 747
676 153
270 95
282 583
289 594
410 428
989 526
76 180
573 840
191 754
249 874
353 54
372 602
850 56
679 956
528 404
680 180
557 950
275 839
509 564
409 919
992 374
421 44
554 995
885 745
725 110
596 54
164 968
657 1014
0 312
947 529
716 603
709 250
529 985
65 15
525 475
934 494
849 332
538 380
303 399
101 4
509 697
58 673
641 715
664 642
4 587
147 720
166 856
970 695
817 12
710 319
487 621
813 312
953 327
692 232
727 794
236 212
467 294
886 85
1010 526
727 1014
89 874
710 255
706 657
950 500
669 637
819 132
234 608
444 163
935 113
395 638
907 631
851 350
925 713
435 911
215 138
901 304
1012 588
559 695
221 485
171 890
98 990
1022 332
574 442
495 485
555 890
100 438
497 951
789 399
640 200
286 855
339 164
135 327
752 694
1022 973
155 169
839 254
135 837
586 709
255 58
171 811
948 271
225 422
198 1014
821 838
191 83
669 530
247 804
857 999
474 856
948 629
1 763
883 137
576 446
846 832
504 1017
619 428
264 844
850 462
835 647
276 2
731 945
532 978
725 365
954 175
197 878
805 199
618 664
336 170
86 158
1002 590
152 597
1019 416
418 845
879 229
469 131
231 176
53 763
130 778
104 60
954 302
939 735
501 533
375 837
703 462
995 682
28 123
255 23
540 673
902 314
526 109
490 579
872 620
334 977
681 264
255 596
999 756
105 350
569 808
812 540
466 841
664 722
864 180
371 709
575 250
1023 77
359 489
657 208
86 991
161 767
231 416
339 206
148 444
556 717
228 345
233 695
162 897
393 2
53 764
712 628
1014 711
706 350
177 339
558 263
306 719
6 537
111 345
743 259
789 275
976 1017
620 185
688 782
59 57
785 112
822 473
741 812
160 423
138 337
762 696
600 44
391 606
581 502
951 300
761 716
575 713
710 172
899 374
954 958
432 715
46 230
164 787
18 325
186 157
662 948
853 239
992 221
845 549
723 773
849 461
465 401
150 151
573 25
526 503
983 958
195 6
164 359
793 182
684 980
339 323
904 169
562 873
390 383
398 89
132 224
550 598
625 701
749 174
726 251
677 686
185 872
692 349
208 461
532 892
417 871
191 298
16 753
147 406
113 545
496 245
769 22
843 370
723 569
544 426
820 198
88 1006
46 780
331 254
217 863
123 635
711 314
933 727
44 56
110 157
601 606
402 347
628 222
717 328
791 238
754 587
436 842
569 482
598 901
737 815
740 860
426 427
150 335
131 194
391 241
351 993
847 754
316 451
976 9
779 743
247 509
306 683
327 876
142 925
753 879
717 469
715 119
897 865
455 4
36 846
245 387
815 68
117 107
519 69
117 275
812 364
784 95
24 88
971 166
1013 700
21 706
145 736
826 18
577 257
22 613
79 267
1001 895
335 94
1002 855
164 95
106 976
460 890
47 484
978 1018
650 968
694 671
650 840
383 452
858 960
709 881
550 789
124 527
660 460
621 638
291 785
734 397
738 170
263 785
654 218
780 280
162 450
951 812
266 310
241 101
246 950
982 796
715 82
299 351
542 921
990 833
682 700
206 396
870 470
158 500
688 938
780 850
364 707
638 631
1017 879
732 239
806 690
12 497
772 311
849 291
208 815
100 891
491 307
263 337
777 421
837 441
335 593
267 700
276 905
307 269
761 15
508 543
705 520
16 453
832 865
744 16
656 845
907 123
128 147
460 905
568 273
322 904
866 589
580 118
470 887
387 207
902 896
750 583
392 767
12 200
608 757
217 241
578 100
364 706
247 825
587 816
74 909
696 941
474 252
35 944
115 423
128 1017
295 878
576 687
621 588
888 206
321 81
447 899
181 811
612 144
221 687
29 917
604 503
145 639
424 260
38 552
253 333
406 829
1021 4
393 885
210 715
966 657
590 123
444 148
552 33
292 773
720 322
666 300
825 811
939 225
47 978
777 300
287 160
105 284
164 499
145 374
190 87
7 780
211 451
928 763
484 197
513 180
519 155
480 320
967 396
546 1014
350 299
291 637
459 396
922 623
895 43
997 61
131 1004
842 342
432 746
81 916
943 594
73 438
750 553
759 693
949 281
683 275
580 974
913 16
347 811
854 613
280 985
593 98
303 1
844 385
918 764
979 991
178 705
520 937
374 446
194 34
721 775
1008 610
791 331
397 406
550 228
1019 830
189 589
928 493
590 748
878 484
488 833
451 667
515 972
580 889
394 775
923 91
526 908
702 293
215 75
699 765
303 695
571 493
260 475
986 850
200 840
311 688
649 762
331 140
710 912
6 80
663 929
172 165
813 874
458 5
949 133
770 229
828 318
722 64
793 684
915 993
500 202
658 125
964 989
266 651
877 272
731 516
177 903
681 991
753 115
996 679
249 742
908 53
36 606
118 830
266 9
799 766
211 433
891 151
399 133
802 252
405 510
769 583
389 426
550 119
542 522
798 791
240 682
844 277
264 962
83 530
971 882
272 158
292 139
310 691
273 88
943 678
598 688
237 988
91 787
83 633
285 881
400 526
539 220
803 803
159 886
309 106
744 581
265 12
720 575
703 993
663 623
648 238
287 885
202 378
649 285
1011 934
142 387
436 681
608 215
460 767
77 769
873 822
326 114
834 22
689 514
1016 329
113 640
567 400
501 769
779 126
30 766
37 172
130 473
853 738
689 289
481 766
34 330
564 360
445 375
382 110
889 374
439 1002
1014 1006
378 492
751 133
618 781
900 655
953 6
105 782
744 794
47 201
536 81
531 77
441 976
452 824
63 317
174 502
295 165
485 673
657 212
807 251
994 683
907 923
689 1012
682 409
782 729
610 294
811 117
371 228
70 823
28 133
116 203
635 411
368 96
61 1
309 868
252 279
527 135
178 192
123 860
601 905
566 187
176 353
304 547
581 374
347 610
507 463
813 119
875 157
215 936
158 524
780 410
803 283
546 982
475 669
818 52
551 360
239 727
713 543
250 271
918 597
881 401
37 670
520 912
827 736
824 985
236 580
371 16
863 917
998 314
563 792
366 90
129 605
817 842
124 43
89 18
641 970
420 678
616 940
566 419
652 366
380 889
946 752
905 785
645 879
75 184
647 441
274 776
22 67
595 146
111 684
165 752
631 585
406 223
501 972
643 130
1019 236
751 900
1021 373
755 72
557 378
513 832
131 535
899 726
681 1010
386 846
738 1017
407 120
217 909
68 860
15 382
859 10
618 587
910 615
960 641
687 493
1019 176
301 126
711 177
852 369
163 215
191 902
1022 425
484 67
261 499
449 97
509 44
684 395
659 620
12 323
89 7
499 391
134 187
568 986
556 731
177 747
609 386
322 608
811 806
675 49
281 100
146 790
144 830
161 804
426 173
103 515
181 602
906 315
789 450
277 321
158 455
45 767
841 367
351 628
150 2
677 431
103 823
198 247
629 359
27 31
533 130
547 714
733 429
5 498
880 282
820 14
737 865
781 554
208 109
159 358
111 836
790 214
636 988
462 241
323 489
273 856
620 820
546 329
225 551
827 81
834 623
95 547
464 877
78 673
986 237
7 73
49 797
288 685
761 750
927 61
215 176
917 835
996 440
140 197
991 968
279 801
567 374
325 8
227 403
681 189
640 688
263 689
462 551
277 254
260 492
430 154
304 402
594 444
599 561
388 878
339 956
229 664
964 456
43 621
646 683
285 909
348 747
436 699
947 713
953 183
181 359
337 485
761 931
930 337
469 294
191 808
226 420
448 166
877 491
787 499
150 49
384 498
796 820
174 719
509 103
903 690
463 216
152 200
124 58
537 593
352 729
377 579
125 825
745 1002
292 509
477 442
558 861
940 330
657 90
26 142
194 929
833 657
121 985
857 245
19 371
838 371
76 191
950 201
1016 672
180 284
157 657
726 715
495 643
21 128
733 47
271 927
976 80
560 74
41 394
319 60
765 134
431 841
325 358
18 318
6 198
602 163
856 305
878 327
948 899
455 657
947 726
561 899
806 97
973 847
491 269
907 232
403 315
49 728
673 68
22 679
266 625
842 98
930 696
425 854
571 881
487 494
583 24
370 366
122 319
189 613
588 73
846 991
388 895
696 37
963 718
716 206
319 534
304 225
206 730
55 777
587 543
248 146
567 618
512 689
937 702
279 502
775 101
469 139
996 141
176 936
860 892
118 155
402 422
381 608
128 436
361 715
979 609
862 523
203 350
188 117
28 467
619 803
568 64
942 541
206 94
453 42
986 571
197 364
993 578
972 98
1015 310
813 970
919 651
469 99
1002 658
216 6
101 835
810 670
899 728
187 81
823 640
123 785
187 321
126 156
899 74
254 890
384 44
837 280
695 282
379 673
940 595
680 18
406 466
688 281
170 875
363 993
491 486
755 678
807 881
834 683
955 65
549 316
109 362
596 804
645 975
454 561
546 110
579 952
576 243
209 746
94 572
716 585
35 447
239 842
304 50
501 235
115 27
551 224
389 123
4 10
74 458
572 620
568 127
548 120
371 758
867 465
306 559
27 341
1006 266
160 286
316 661
521 431
688 49
655 54
172 660
64 247
94 636
867 663
764 392
783 111
126 626
576 432
161 603
774 143
870 934
429 162
571 951
594 236
1000 225
290 148
885 354
395 980
991 239
619 731
631 378
842 757
1005 394
165 142
998 939
286 844
849 715
1006 397
642 576
633 618
802 923
767 663
253 138
619 220
377 214
951 1008
593 769
741 574
140 907
716 114
822 1002
958 648
694 940
21 312
493 654
931 271
553 674
934 806
812 530
3 166
744 954
150 313
700 892
887 840
775 580
954 573
558 888
197 228
804 218
541 273
872 448
544 401
98 455
184 910
985 187
52 705
117 203
1019 817
71 882
633 846
438 563
395 997
427 593
201 208
811 742
481 660
166 2
37 264
457 221
151 418
408 203
99 526
406 94
319 477
977 953
299 391
492 695
364 920
264 566
104 51
284 585
711 451
587 749
715 20
970 866
438 355
46 538
881 452
632 176
930 585
105 205
977 598
900 317
494 140
883 598
192 144
159 903
595 747
628 286
767 575
129 182
930 175
720 787
627 328
963 533
914 45
739 867
643 615
160 113
756 20
164 870
827 759
593 432
21 337
1007 150
519 913
325 215
676 953
543 615
462 433
660 177
276 279
793 437
392 525
457 79
449 621
950 252
356 519
684 377
856 667
528 351
556 853
566 208
782 86
824 221
519 460
398 796
740 167
209 108
692 666
263 114
370 619
633 30
996 466
698 500
817 230
330 360
439 88
446 239
309 965
699 708
737 415
875 946
524 544
588 712
661 851
826 7
446 435
38 419
901 736
919 695
966 225
31 381
314 477
620 623
418 296
307 132
711 159
54 211
703 643
923 340
470 725
348 917
137 386
312 14
98 207
709 40
433 740
422 747
193 18
346 612
314 654
744 2
813 798
213 492
417 113
832 888
838 156
781 975
542 69
990 640
276 675
681 709
392 79
432 585
97 779
173 412
409 917
414 198
692 627
690 85
740 498
973 555
655 730
506 173
799 472
814 52
124 471
761 516
550 170
77 647
949 251
35 334
144 449
532 836
53 198
922 793
696 871
324 327
578 831
501 353
279 291
405 403
762 143
919 288
313 997
935 238
224 971
572 368
396 80
181 449
278 79
219 974
950 543
278 504
350 779
858 630
46 239
9 808
382 929
72 695
902 1007
933 102
954 481
470 327
561 651
776 839
730 995
790 657
515 44
137 865
823 995
471 869
211 481
653 593
386 725
265 264
708 174
366 639
656 836
966 193
464 718
9 170
690 799
827 181
843 965
22 642
936 494
487 123
975 116
717 337
841 982
601 525
132 967
140 788
779 82
982 219
801 991
390 467
766 193
648 585
134 670
203 47
140 690
170 91
806 887
428 623
845 5
124 978
972 265
742 728
347 700
947 124
667 313
591 409
507 215
994 641
886 173
688 2
863 859
94 645
722 522
244 544
528 369
498 476
634 216
180 981
917 104
82 560
417 673
970 924
889 940
542 751
90 206
753 953
41 847
575 764
346 819
284 874
164 782
326 798
998 507
756 891
611 838
428 4
487 374
929 352
290 447
79 380
653 833
310 695
656 885
435 1002
680 719
852 845
477 155
619 451
662 351
319 249
165 747
253 653
97 158
1005 387
605 61
768 235
894 54
930 526
939 341
505 595
36 333
416 513
488 12
964 126
363 259
375 529
1006 629
158 79
787 139
467 369
200 211
604 70
265 510
597 180
851 78
775 887
411 168
376 900
180 316
2 543
576 378
48 558
1007 206
638 770
346 81
115 546
292 719
617 557
205 190
737 32
268 488
919 679
656 271
555 836
588 558
356 140
936 404
698 919
611 312
665 957
393 781
479 685
476 72
218 682
262 955
714 530
420 610
186 52
881 741
889 445
275 221
585 187
625 260
82 212
572 748
145 966
505 625
627 981
697 846
639 960
777 330
466 173
940 652
226 797
370 91
219 645
312 804
833 937
40 915
126 613
639 271
555 120
896 158
78 570
1004 717
506 758
23 972
931 963
601 133
737 971
224 956
592 536
736 401
450 777
293 576
366 932
847 921
29 720
55 107
266 36
824 772
794 848
720 701
787 297
835 500
244 35
432 837
572 145
922 507
574 264
416 397
161 445
93 216
552 359
252 352
107 22
176 828
724 964
101 535
440 346
570 873
159 118
1018 373
116 916
881 690
156 273
64 317
718 157
533 246
517 786
598 624
808 775
428 508
715 530
19 131
876 590
1004 11
708 998
384 825
890 241
491 22
514 555
339 208
713 873
454 206
635 29
830 419
804 235
928 495
765 947
626 617
513 607
628 198
581 1012
1023 448
230 490
470 744
22 810
953 735
659 383
941 270
412 747
689 192
982 593
687 723
517 290
316 6
897 944
204 454
933 203
902 139
694 349
883 716
135 812
427 794
172 344
40 584
67 729
777 26
299 440
749 816
730 42
822 603
986 3
34 895
206 936
10 900
261 894
592 396
682 1019
166 854
415 407
936 168
433 211
608 158
3 315
200 825
918 163
828 952
34 11
865 45
911 102
939 480
499 597
475 665
428 815
872 843
198 784
1011 631
995 595
789 998
910 990
799 805
129 604
733 163
615 574
208 502
677 123
982 152
721 434
817 125
225 665
968 423
425 955
30 396
526 819
370 413
785 146
194 914
750 927
54 341
478 262
843 131
386 802
283 83
212 76
208 437
742 152
860 143
83 890
540 609
685 910
1022 447
32 192
337 782
96 391
99 574
654 943
705 16
721 988
99 933
40 307
346 782
459 182
926 542
48 442
127 733
328 126
156 361
318 494
119 414
885 219
988 515
138 669
531 859
633 630
768 674
937 90
432 372
272 334
914 320
776 18
29 81
144 186
442 462
680 561
877 541
780 841
33 918
487 564
753 96
171 497
770 84
587 179
457 859
513 347
155 266
365 185
347 509
371 789
972 27
326 825
568 83
642 601
1001 105
142 731
202 313
204 972
397 792
127 854
627 641
178 783
907 543
968 230
29 315
1019 1001
342 321
802 910
404 420
488 382
526 630
89 728
943 293
61 804
147 689
421 325
448 304
868 392
534 897
707 529
874 25
850 652
935 231
49 399
613 575
5 702
279 948
995 955
241 33
735 388
722 132
713 146
436 557
538 970
431 221
475 281
246 302
934 157
533 983
557 122
534 562
824 813
487 795
744 728
828 456
92 526
588 805
672 1
338 186
971 769
407 423
27 653
725 961
811 234
920 344
356 430
906 156
219 369
951 963
73 756
395 165
258 984
970 931
985 285
93 932
30 501
331 57
130 32
1018 941
266 914
261 622
320 144
778 539
513 706
479 587
438 874
752 696
834 699
603 795
984 697
704 1014
174 11
48 304
44 42
222 310
957 483
933 253
627 687
793 117
369 248
704 807
98 432
480 933
107 59
704 67
756 384
58 930
396 106
211 440
148 433
750 81
916 659
335 520
323 104
637 692
352 317
476 450
749 956
359 857
1015 40
924 748
424 982
654 820
64 865
236 213
274 987
294 167
622 629
687 945
733 300
614 61
617 66
512 342
1022 871
175 1013
911 76
737 312
34 368
108 99
209 345
312 484
308 606
651 930
212 314
852 945
614 442
1007 207
508 495
549 506
342 725
495 230
801 209
542 835
577 650
934 786
995 222
246 279
829 897
186 17
187 14
962 801
456 945
1008 964
416 534
446 759
235 941
989 12
126 507
847 703
133 758
466 105
980 712
384 785
586 570
802 773
584 741
551 16
662 535
980 55
45 402
814 280
320 779
292 446
262 116
126 395
874 592
500 830
280 885
592 866
431 370
616 1016
87 143
8 750
678 989
805 724
367 595
1004 687
350 273
110 612
389 236
1007 239
828 484
45 84
345 637
951 776
1008 543
768 71
686 777
821 340
742 602
40 85
173 21
773 523
294 883
111 683
922 923
579 967
1007 924
581 934
676 565
453 421
636 115
174 434
456 916
12 496
1001 186
517 750
709 811
609 821
470 704
916 368
603 471
312 587
371 893
497 23
434 951
444 46
42 618
480 498
510 493
995 488
679 488
214 364
276 824
161 746
504 53
91 84
524 403
671 895
272 144
919 706
71 339
752 114
958 209
612 444
702 583
932 357
48 123
721 324
947 883
46 427
936 137
511 437
540 158
308 812
303 203
494 374
543 223
488 477
432 77
921 110
660 830
467 708
953 164
8 876
23 55
279 960
192 791
373 733
949 681
521 228
885 1016
603 404
215 67
881 647
144 778
757 805
584 200
489 513
364 498
365 388
553 645
324 745
412 697
454 337
354 976
566 215
968 145
619 159
212 476
806 357
231 539
138 815
739 627
305 79
101 670
467 654
291 791
376 703
464 830
17 819
782 583
10 726
728 630
885 940
82 667
273 313
182 411
105 921
15 410
1001 116
56 444
771 348
212 123
27 676
953 44
471 712
627 482
414 331
88 276
248 170
943 521
484 102
933 589
1023 948
999 1000
40 31
421 811
379 633
934 407
285 864
451 757
552 55
215 966
386 303
218 634
473 138
132 957
240 41
522 239
989 497
216 5
529 637
817 908
246 727
291 531
567 743
264 95
798 479
38 160
782 256
795 232
394 927
165 634
968 688
874 933
161 66
938 690
703 731
575 949
435 866
456 1002
585 721
74 359
176 112
520 959
368 291
167 763
194 332
373 138
1020 223
47 158
289 985
848 992
693 399
242 350
82 827
47 156
163 223
268 683
158 637
974 325
376 144
658 749
282 654
973 329
812 238
290 637
207 983
12 100
63 254
450 146
58 497
302 221
721 571
904 879
184 854
181 560
998 839
285 256
469 234
585 258
473 875
895 680
835 907
780 898
138 207
20 196
704 323
417 401
894 297
257 54
127 438
614 101
253 899
110 942
980 583
793 851
239 604
735 1019
479 873
202 499
45 907
822 462
284 692
759 541
746 886
979 336
987 208
212 320
931 322
238 887
905 7
715 120
612 426
115 67
275 318
566 320
201 365
782 485
33 517
3 780
379 982
92 342
167 304
662 74
626 900
961 507
907 652
627 495
54 743
562 329
37 105
649 238
470 407
723 503
924 726
259 279
685 352
621 852
656 259
926 259
135 863
766 19
492 370
514 546
89 53
876 126
158 501
364 628
909 63
107 809
790 367
65 451
719 686
279 351
946 181
610 57
20 353
76 512
723 591
35 812
644 911
938 802
388 278
406 273
341 513
59 107
880 124
558 575
810 837
927 732
1018 513
790 15
866 866
527 565
433 562
353 53
449 267
855 838
545 237
87 887
751 146
994 607
270 529
159 57
342 62
789 337
575 555
352 418
398 879
983 831
418 313
885 867
580 716
681 102
954 769
989 681
915 959
264 162
464 423
219 807
485 1008
120 37
540 472
455 938
327 414
745 745
727 606
589 284
299 246
386 229
1015 351
910 907
286 150
45 751
534 35
248 654
72 788
102 527
702 429
942 424
151 645
6 740
929 305
986 291
534 978
642 420
861 929
571 906
656 121
146 166
156 394
820 229
159 922
756 861
327 674
261 478
296 268
194 201
573 157
493 84
111 111
504 972
16 51
854 672
172 1000
838 329
370 634
558 529
532 290
367 860
965 628
314 237
896 509
438 446
666 931
530 777
19 10
725 35
62 555
708 234
531 522
563 901
133 97
407 665
388 774
501 329
378 816
566 251
301 1004
697 967
912 203
720 931
213 421
966 275
976 650
510 483
149 49
360 282
147 767
947 535
517 425
864 896
217 406
123 518
386 820
461 274
1023 157
181 212
578 124
488 530
774 998
1013 923
23 349
181 170
93 105
705 610
530 545
482 747
951 605
241 314
401 702
588 400
859 770
613 413
894 77
943 644
51 932
544 74
257 725
245 350
830 950
961 336
472 419
59 399
1 300
713 402
1002 278
803 837
24 392
226 918
469 145
538 520
53 58
594 311
784 839
661 590
766 598
927 214
1018 986
613 1019
263 303
397 241
581 176
55 605
568 281
499 13
427 13
533 480
72 104
791 856
943 429
422 685
3 325
899 1021
288 489
1016 551
792 390
792 349
566 847
954 111
124 532
442 658
1012 514
762 780
346 681
185 769
343 188
70 218
186 358
707 178
909 475
568 678
824 111
501 754
222 606
159 346
114 602
1004 103
92 742
883 439
400 44
184 743
232 254
961 418
613 645
597 498
96 141
152 921
252 654
651 474
236 811
821 351
389 801
454 481
520 313
920 920
357 80
639 589
335 576
1008 948
197 581
422 294
722 575
191 975
205 842
425 441
629 222
792 1018
0 222
476 520
535 372
416 892
453 31
458 788
607 442
712 805
1023 110
75 721
685 266
672 890
84 74
308 714
296 76
708 296
299 160
816 834
533 208
703 986
239 137
750 847
579 438
628 578
548 703
275 210
969 948
76 29
1022 384
743 294
461 428
591 760
588 383
570 97
592 249
59 831
386 809
654 965
223 258
519 772
961 795
982 906
719 34
936 717
419 655
1011 880
59 578
616 648
962 162
745 530
412 805
337 798
590 992
740 814
226 235
562 164
6 520
46 725
554 982
418 973
614 406
829 673
984 421
297 922
584 19
428 996
824 766
770 390
734 486
180 960
722 742
100 728
238 147
430 793
105 848
742 719
230 548
369 191
969 666
89 529
685 518
501 485
260 248
876 994
734 32
930 432
775 7
137 1013
154 567
782 259
391 501
979 622
25 324
813 994
990 902
500 652
396 1001
113 656
225 989
626 960
1022 533
368 773
540 505
762 694
48 521
953 440
1022 908
38 23
208 851
1017 175
729 493
827 102
471 940
758 696
906 361
632 904
894 1001
653 410
482 391
80 531
912 9
971 910
918 1009
836 927
277 541
643 867
1021 378
540 903
739 148
783 609
125 412
1019 608
803 75
115 692
84 62
578 1002
47 488
81 883
391 358
400 787
439 20
631 436
398 147
315 113
295 74
722 421
486 717
5 265
792 120
957 876
182 512
855 229
1000 936
88 367
270 488
130 709
508 761
121 906
908 436
1019 180
510 717
601 996
410 606
238 178
726 171
31 908
683 886
113 659
798 201
2 44
689 133
754 174
894 875
56 779
288 52
959 798
769 536
771 156
118 1009
334 844
156 365
728 840
227 841
475 1
18 478
46 707
611 800
881 481
651 938
236 939
990 171
714 735
707 461
891 825
446 202
645 602
567 349
418 795
166 894
796 184
348 842
892 959
618 749
416 246
663 653
161 629
824 875
341 508
312 208
309 758
410 955
337 978
280 755
749 447
625 521
631 973
340 499
908 958
225 301
180 888
954 342
494 754
193 835
238 506
19 548
240 430
479 577
384 759
309 109
182 934
630 814
884 970
289 768
905 514
45 61
379 999
403 873
730 597
684 968
79 703
492 319
109 971
897 493
707 182
602 889
92 209
679 976
155 969
721 36
459 766
98 838
742 501
687 448
74 347
392 153
27 885
473 136
832 346
630 515
528 208
381 620
417 36
573 573
1005 270
609 441
12 707
255 754
185 943
178 259
266 571
413 293
432 886
430 240
208 36
756 736
244 113
332 662
149 905
211 131
151 820
572 164
504 827
918 689
746 73
948 1013
644 337
282 52
199 712
292 407
748 24
119 993
137 452
631 287
333 842
418 485
638 990
649 118
793 543
807 516
616 732
505 236
45 787
288 245
476 581
652 200
605 772
169 743
200 800
6 533
618 424
1018 233
390 643
351 159
163 135
675 779
867 156
1016 912
944 280
133 396
861 786
596 443
534 766
162 734
542 168
243 137
592 238
370 982
881 721
117 20
856 793
800 699
949 792
588 869
48 721
241 910
483 838
329 1017
580 491
727 98
659 971
235 227
185 605
185 42
303 302
63 135
71 863
835 1021
631 399
866 679
96 84
565 580
922 894
573 478
361 277
576 1020
224 812
223 409
393 408
451 696
711 514
832 782
353 643
779 984
18 622
640 114
706 181
694 604
52 244
58 413
521 634
410 745
422 633
130 816
18 581
488 729
72 296
487 425
939 243
386 957
865 2
48 547
183 742
127 235
986 185
649 483
819 35
204 218
668 334
10 686
916 498
391 988
795 879
389 710
98 775
644 963
777 692
486 961
410 613
172 373
798 821
856 593
856 37
811 501
371 821
163 263
296 555
227 67
410 617
777 508
368 397
447 122
65 933
59 476
522 231
849 296
29 681
889 885
718 677
362 66
474 526
329 770
57 557
837 467
150 591
975 518
988 398
640 30
307 699
506 829
931 331
101 960
1012 990
821 707
643 160
773 94
686 78
864 743
635 678
186 785
245 137
280 209
535 920
596 745
647 503
52 748
439 41
714 236
748 334
396 497
428 58
575 268
801 187
946 987
972 167
100 228
377 635
125 616
453 721
338 76
200 390
824 639
431 515
875 155
849 248
652 253
306 204
521 84
391 444
47 339
611 148
568 988
783 693
581 213
390 919
289 590
285 90
205 717
605 56
872 430
304 501
683 611
705 180
695 72
624 742
411 212
890 979
176 650
648 757
863 14
652 128
604 938
218 809
631 823
866 479
229 146
980 912
757 661
69 428
733 693
147 121
905 13
76 58
663 725
815 502
739 444
631 320
358 849
105 989
649 971
444 878
94 401
767 851
38 836
256 772
505 403
893 387
416 969
445 56
670 236
558 386
680 165
706 14
1015 811
1003 640
759 424
494 853
825 237
680 863
49 936
611 555
315 480
942 732
426 363
788 72
599 322
458 256
488 140
270 479
952 250
95 687
674 589
516 475
827 172
314 876
85 926
407 400
382 325
108 808
688 896
881 264
195 315
520 683
456 790
138 384
16 233
47 690
822 563
141 625
735 456
478 820
358 885
197 740
187 305
525 875
178 382
115 373
697 635
32 129
402 170
513 418
403 560
85 201
99 226
827 835
682 281
631 16
142 828
757 329
110 258
181 288
640 296
661 313
932 693
443 310
863 956
728 242
493 813
443 592
16 246
403 698
527 11
715 670
839 448
999 949
706 156
213 322
453 874
635 361
543 54
671 382
1011 375
624 480
165 44
48 181
290 452
879 818
463 570
464 278
1018 439
204 700
596 417
1022 25
268 634
386 811
688 33
170 675
408 794
131 573
838 180
754 105
632 610
923 71
156 363
349 151
802 553
851 374
971 850
399 215
460 785
2 124
818 172
800 203
967 931
776 781
87 507
886 719
93 785
790 249
124 116
400 927
669 228
277 616
54 677
831 514
438 834
638 233
1006 414
436 949
322 188
707 409
695 569
105 788
331 895
14 455
1011 414
358 657
642 636
249 696
289 57
186 727
960 873
215 372
799 537
561 482
947 232
27 28
1021 358
923 11
814 911
425 148
544 44
784 793
740 49
850 927
777 717
728 713
567 943
62 342
457 623
824 380
855 851
408 852
186 307
863 1000
194 265
124 738
309 909
508 25
958 334
952 711
28 656
401 595
576 463
937 9
62 737
389 917
564 797
746 750
80 585
726 275
850 851
1013 135
736 497
161 670
832 89
358 860
746 759
431 298
198 344
307 260
57 696
153 621
469 899
348 549
461 50
824 287
901 814
423 613
287 584
260 95
673 618
955 395
353 362
693 551
706 1000
811 763
672 964
361 117
840 709
667 277
759 467
257 987
226 545
547 486
640 197
80 572
592 433
934 262
984 617
238 771
356 911
712 717
4 528
402 671
805 138
115 345
775 372
309 1001
917 856
464 534
29 544
82 622
978 1016
884 938
609 98
686 966
1009 374
659 1014
902 38
661 683
176 776
4 951
125 313
928 18
146 368
552 175
913 634
797 867
627 657
781 212
756 443
154 741
817 814
731 695
354 4
121 359
955 246
672 859
265 818
204 817
994 93
428 767
960 31
401 717
243 133
137 398
874 954
188 582
626 16
951 980
20 48
315 975
295 988
810 560
782 1014
353 752
83 781
496 19
812 897
6 874
430 880
804 618
438 406
634 365
363 654
414 678
605 709
642 391
245 401
382 598
129 465
356 625
485 144
498 198
176 504
48 606
361 852
200 799
235 834
141 598
464 555
252 45
240 895
437 485
272 819
59 401
260 415
3 745
560 501
943 736
1006 991
319 343
820 519
118 31
330 259
629 794
814 881
840 30
752 253
515 0
48 575
402 308
990 405
30 526
906 973
239 888
941 558
207 737
53 326
768 383
585 373
154 376
230 994
406 983
223 922
983 271
473 361
579 439
766 609
966 649
559 181
513 476
739 721
189 792
23 957
152 608
306 306
984 536
276 367
495 499
265 455
770 738
816 325
153 559
935 95
184 470
276 697
946 1015
394 111
784 417
44 936
2 350
218 986
886 494
329 358
993 594
813 739
308 605
40 462
140 975
557 324
421 834
1022 343
825 392
454 585
810 498
497 812
848 715
774 711
185 80
45 154
674 858
893 983
439 934
421 580
885 978
904 283
788 902
626 590
271 57
151 57
555 649
869 380
340 619
67 526
699 112
680 350
970 550
309 385
460 730
965 321
684 846
604 449
724 207
15 995
264 166
28 819
815 897
175 132
493 242
658 168
354 314
518 300
864 827
686 300
533 627
622 194
449 202
643 150
409 658
121 673
824 150
469 616
23 644
748 516
887 382
685 217
696 179
518 537
1007 180
837 516
807 435
710 233
638 329
383 23
987 504
697 788
654 142
380 678
786 104
170 649
486 855
867 158
11 361
695 1018
541 509
510 324
944 197
557 558
526 940
582 490
421 255
254 51
397 634
729 159
738 900
809 200
731 652
358 742
1013 30
736 530
539 223
854 459
420 388
1018 946
304 576
412 725
831 666
777 204
276 482
363 1014
358 148
190 66
800 549
579 521
295 94
744 126
553 140
514 547
62 818
99 475
520 930
117 273
110 394
755 474
384 90
622 575
156 399
100 964
164 679
461 460
773 181
586 302
321 76
850 384
894 949
859 390
856 976
663 966
346 395
416 731
485 15
282 641
414 382
581 578
37 19
14 810
200 600
88 522
676 938
906 547
864 741
937 696
693 577
638 16
972 31
747 433
46 5
50 460
387 631
14 424
650 29
210 851
629 298
349 282
213 231
829 53
972 742
749 641
295 363
657 243
394 380
676 440
385 726
900 772
334 915
172 984
944 382
811 549
681 136
831 894
367 636
947 315
355 672
957 650
11 590
894 406
971 546
846 332
249 723
81 583
614 253
543 534
636 331
59 293
467 891
163 835
503 86
126 858
758 59
485 769
650 355
151 597
901 998
929 126
697 1010
709 287
240 229
821 876
560 880
145 3
838 227
394 965
61 128
0 546
897 650
901 25
223 779
1023 129
905 696
115 591
983 355
820 780
207 356
636 352
359 360
660 174
587 30
115 648
158 115
171 32
766 48
57 989
827 56
94 709
752 210
276 711
565 72
467 773
428 79
101 787
439 762
961 2
792 52
651 951
168 822
983 934
870 16
899 674
72 994
359 824
180 635
511 745
707 978
494 111
33 596
898 473
334 836
475 102
888 102
29 32
924 1012
966 771
4 842
421 76
812 780
900 992
391 387
713 74
341 184
185 375
780 59
848 90
895 299
192 760
402 222
792 302
210 735
49 215
553 470
291 341
226 168
309 617
555 1022
691 897
182 876
248 962
936 72
28 807
371 221
543 773
443 312
52 653
23 101
868 576
572 136
917 798
304 202
392 859
200 59
732 383
936 980
321 848
28 350
631 400
571 151
149 1014
463 201
643 486
303 488
38 875
624 955
649 928
133 17
763 333
77 472
716 1013
428 14
837 457
364 444
857 935
595 1006
925 34
184 544
520 487
8 558
338 632
489 987
536 622
1005 276
956 58
748 648
47 152
662 884
609 2
304 442
937 900
425 838
934 609
359 431
72 367
989 410
1000 455
373 512
53 354
788 1009
412 512
634 459
665 272
319 250
275 624
693 188
500 94
3 410
703 362
841 775
729 807
161 705
238 534
194 291
889 982
277 277
471 911
737 112
159 32
362 434
656 31
623 132
125 626
543 828
988 360
579 693
143 740
375 381
251 569
673 116
527 950
393 998
837 106
86 996
139 449
407 795
480 6
928 606
632 447
410 596
807 990
265 951
706 640
308 957
185 981
49 713
907 443
687 720
549 774
693 688
199 76
460 679
82 364
261 714
811 672
286 594
638 551
521 320
168 830
254 353
787 303
42 671
746 730
367 272
480 36
960 679
112 396
334 194
760 596
908 547
244 170
118 882
722 639
178 890
445 432
219 209
736 262
880 458
992 223
730 448
260 667
103 372
39 437
567 800
9 451
323 253
622 441
111 320
57 290
186 502
722 405
711 434
667 567
893 635
791 599
59 27
242 162
399 282
600 966
58 609
394 381
863 1016
823 974
312 880
240 498
358 963
903 46
373 547
613 242
158 380
842 218
407 60
380 807
342 980
749 400
566 119
782 405
111 581
355 423
437 596
921 795
535 801
841 908
324 431
127 482
811 969
700 195
5 57
1002 348
13 727
748 579
847 506
984 958
63 316
358 500
912 255
272 423
32 89
307 356
520 434
839 308
379 515
503 385
572 481
733 586
184 457
141 7
964 102
966 3
418 300
504 306
555 776
729 588
865 12
944 362
447 759
670 826
251 149
187 823
630 920
385 814
354 527
822 294
629 764
297 23
40 801
329 595
553 34
159 395
46 80
757 493
839 403
296 66
552 483
890 158
380 251
972 734
778 770
4 383
510 301
406 550
79 735
122 632
769 281
3 816
361 760
285 177
139 581
243 691
41 109
849 421
361 798
131 115
544 135
499 31
436 905
581 515
617 703
124 362
985 127
154 322
888 440
499 3
1021 743
695 38
852 520
459 189
294 590
305 839
725 804
870 138
685 427
653 278
107 777
641 68
905 795
390 769
211 890
772 209
609 443
247 437
964 707
627 234
273 932
49 999
712 919
113 373
323 766
652 430
520 269
498 401
40 888
146 252
754 918
461 339
338 708
777 278
391 380
512 665
288 562
640 1000
457 753
349 780
495 1001
186 1015
246 684
392 287
549 538
539 279
433 1000
619 771
684 372
25 52
752 537
717 16
75 333
62 341
289 557
319 476
549 565
136 941
852 685
456 367
965 889
343 560
636 4
932 661
56 660
174 773
676 250
82 668
783 144
1009 48
701 304
524 226
870 661
144 698
322 600
42 263
465 385
823 77
389 731
738 445
367 912
194 19
138 276
687 921
420 673
970 98
977 470
324 823
107 468
498 430
44 540
693 509
925 493
586 291
200 300
736 568
189 931
587 327
183 251
225 604
924 171
702 877
641 2
677 749
471 151
155 515
691 848
1 592
317 587
883 518
888 596
62 53
503 649
380 686
900 605
266 800
776 968
654 394
971 307
119 418
458 274
933 125
98 934
717 416
498 577
934 362
149 996
415 652
621 795
314 498
377 581
274 129
525 928
523 472
211 642
890 669
916 800
794 1015
710 488
407 184
41 317
546 190
289 961
842 910
733 132
384 86
713 659
215 215
563 739
687 775
357 554
420 250
330 191
241 16
679 648
201 720
965 747
910 230
685 728
116 394
860 501
480 550
136 695
765 699
450 768
982 871
1018 288
38 235
305 717
883 506
413 824
229 299
30 914
3 146
284 863
647 764
389 783
436 130
459 846
559 909
590 517
756 584
806 794
819 87
487 678
593 900
478 822
175 508
713 178
655 997
18 278
738 407
38 150
538 497
996 73
382 563
590 115
123 372
909 943
459 373
597 28
249 52
851 425
560 540
603 191
513 621
470 227
5 508
377 543
1005 350
616 363
913 182
478 12
555 364
955 1014
737 529
19 986
581 870
387 117
386 991
309 899
588 779
103 593
263 480
112 244
607 719
911 62
732 442
426 663
432 139
168 451
101 749
297 489
867 683
456 152
559 20
931 662
614 170
118 726
414 949
431 1021
644 318
59 352
760 485
1016 168
624 160
620 726
910 917
191 753
577 647
905 112
667 812
774 257
982 892
984 372
817 391
369 438
709 429
790 445
914 782
613 515
943 209
217 829
103 408
558 680
31 439
792 698
227 542
956 185
410 916
557 204
283 926
642 992
331 408
413 222
167 2
737 86
212 954
915 315
338 449
995 369
888 763
43 91
281 999
276 691
891 833
895 150
735 513
118 43
922 531
265 65
534 1002
151 746
932 42
37 246
491 8
615 355
771 658
446 28
634 722
719 501
531 591
652 242
80 770
285 1002
278 550
43 812
528 194
534 436
236 571
682 727
579 273
58 326
932 504
354 542
202 49
19 733
640 671
976 721
418 237
699 696
788 743
484 292
937 1018
729 150
565 387
877 120
661 936
446 569
416 800
87 619
849 106
328 466
778 280
163 172
518 862
868 282
581 328
574 495
322 279
645 887
667 498
1007 304
410 429
873 827
205 960
422 30
42 750
496 820
7 659
992 525
498 836
807 55
140 357
550 462
637 171
325 280
670 308
584 56
737 433
883 942
369 281
973 411
8 445
208 15
81 176
540 579
1013 323
634 129
680 161
592 293
332 917
573 1002
202 133
35 939
566 918
858 935
176 807
323 184
228 531
199 309
707 739
888 696
38 499
826 718
660 394
1012 992
287 561
971 489
695 1006
405 237
900 239
149 52
22 472
236 250
1003 435
560 686
150 424
359 188
923 161
907 559
555 895
528 842
432 475
308 103
457 713
341 333
952 490
386 974
962 622
200 941
34 760
603 184
161 962
373 60
99 256
620 654
127 124
473 559
599 781
663 32
470 1004
365 398
470 751
348 408
350 548
325 384
285 928
